0
0.0628319
0.125664
0.188496
0.251327
0.314159
0.376991
0.439823
0.502655
0.565487
0.628319
0.69115
0.753982
0.816814
0.879646
0.942478
1.00531
1.06814
1.13097
1.19381
1.25664
1.31947
1.3823
1.44513
1.50796
1.5708
1.63363
1.69646
1.75929
1.82212
1.88496
1.94779
2.01062
2.07345
2.13628
2.19911
2.26195
2.32478
2.38761
2.45044
2.51327
2.57611
2.63894
2.70177
2.7646
2.82743
2.89027
2.9531
3.01593
3.07876
3.14159
3.20442
3.26726
3.33009
3.39292
3.45575
3.51858
3.58142
3.64425
3.70708
3.76991
3.83274
3.89557
3.95841
4.02124
4.08407
4.1469
4.20973
4.27257
4.3354
4.39823
4.46106
4.52389
4.58673
4.64956
4.71239
4.77522
4.83805
4.90088
4.96372
5.02655
5.08938
5.15221
5.21504
5.27788
5.34071
5.40354
5.46637
5.5292
5.59203
5.65487
5.7177
5.78053
5.84336
5.90619
5.96903
6.03186
6.09469
6.15752
6.22035
6.28319
6.34602
6.40885
6.47168
6.53451
6.59734
6.66018
6.72301
6.78584
6.84867
6.9115
6.97434
7.03717
7.1
7.16283
7.22566
7.28849
7.35133
7.41416
7.47699
7.53982
7.60265
7.66549
7.72832
7.79115
7.85398
7.91681
7.97965
8.04248
8.10531
8.16814
8.23097
8.2938
8.35664
8.41947
8.4823
8.54513
8.60796
8.6708
8.73363
8.79646
8.85929
8.92212
8.98495
9.04779
9.11062
9.17345
9.23628
9.29911
9.36195
9.42478
9.48761
9.55044
9.61327
9.67611
9.73894
9.80177
9.8646
9.92743
9.99026
10.0531
10.1159
10.1788
10.2416
10.3044
10.3673
10.4301
10.4929
10.5558
10.6186
10.6814
10.7442
10.8071
10.8699
10.9327
10.9956
11.0584
11.1212
11.1841
11.2469
11.3097
11.3726
11.4354
11.4982
11.5611
11.6239
11.6867
11.7496
11.8124
11.8752
11.9381
12.0009
12.0637
12.1265
12.1894
12.2522
12.315
12.3779
12.4407
12.5035
12.5664
12.6292
12.692
12.7549
12.8177
12.8805
12.9434
13.0062
13.069
13.1319
13.1947
13.2575
13.3204
13.3832
13.446
13.5088
13.5717
13.6345
13.6973
13.7602
13.823
13.8858
13.9487
14.0115
14.0743
14.1372
14.2
14.2628
14.3257
14.3885
14.4513
14.5142
14.577
14.6398
14.7027
14.7655
14.8283
14.8911
14.954
15.0168
15.0796
15.1425
15.2053
15.2681
15.331
15.3938
15.4566
15.5195
15.5823
15.6451
15.708
15.7708
15.8336
15.8965
15.9593
16.0221
16.085
16.1478
16.2106
16.2734
16.3363
16.3991
16.4619
16.5248
16.5876
16.6504
16.7133
16.7761
16.8389
16.9018
16.9646
17.0274
17.0903
17.1531
17.2159
17.2788
17.3416
17.4044
17.4673
17.5301
17.5929
17.6558
17.7186
17.7814
17.8442
17.9071
17.9699
18.0327
18.0956
18.1584
18.2212
18.2841
18.3469
18.4097
18.4726
18.5354
18.5982
18.6611
18.7239
18.7867
18.8496
18.9124
18.9752
19.0381
19.1009
19.1637
19.2265
19.2894
19.3522
19.415
19.4779
19.5407
19.6035
19.6664
19.7292
19.792
19.8549
19.9177
19.9805
20.0434
20.1062
20.169
20.2319
20.2947
20.3575
20.4204
20.4832
20.546
20.6088
20.6717
20.7345
20.7973
20.8602
20.923
20.9858
21.0487
21.1115
21.1743
21.2372
21.3
21.3628
21.4257
21.4885
21.5513
21.6142
21.677
21.7398
21.8027
21.8655
21.9283
21.9911
22.054
22.1168
22.1796
22.2425
22.3053
22.3681
22.431
22.4938
22.5566
22.6195
22.6823
22.7451
22.808
22.8708
22.9336
22.9965
23.0593
23.1221
23.185
23.2478
23.3106
23.3734
23.4363
23.4991
23.5619
23.6248
23.6876
23.7504
23.8133
23.8761
23.9389
24.0018
24.0646
24.1274
24.1903
24.2531
24.3159
24.3788
24.4416
24.5044
24.5673
24.6301
24.6929
24.7558
24.8186
24.8814
24.9442
25.0071
25.0699
25.1327
25.1956
25.2584
25.3212
25.3841
25.4469
25.5097
25.5726
25.6354
25.6982
25.7611
25.8239
25.8867
25.9496
26.0124
26.0752
26.1381
26.2009
26.2637
26.3265
26.3894
26.4522
26.515
26.5779
26.6407
26.7035
26.7664
26.8292
26.892
26.9549
27.0177
27.0805
27.1434
27.2062
27.269
27.3319
27.3947
27.4575
27.5204
27.5832
27.646
27.7088
27.7717
27.8345
27.8973
27.9602
28.023
28.0858
28.1487
28.2115
28.2743
28.3372
28.4
28.4628
28.5257
28.5885
28.6513
28.7142
28.777
28.8398
28.9027
28.9655
29.0283
29.0911
29.154
29.2168
29.2796
29.3425
29.4053
29.4681
29.531
29.5938
29.6566
29.7195
29.7823
29.8451
29.908
29.9708
30.0336
30.0965
30.1593
30.2221
30.285
30.3478
30.4106
30.4734
30.5363
30.5991
30.6619
30.7248
30.7876
30.8504
30.9133
30.9761
31.0389
31.1018
31.1646
31.2274
31.2903
31.3531
31.4159
31.4788
31.5416
31.6044
31.6673
31.7301
31.7929
31.8557
31.9186
31.9814
32.0442
32.1071
32.1699
32.2327
32.2956
32.3584
32.4212
32.4841
32.5469
32.6097
32.6726
32.7354
32.7982
32.8611
32.9239
32.9867
33.0496
33.1124
33.1752
33.2381
33.3009
33.3637
33.4265
33.4894
33.5522
33.615
33.6779
33.7407
33.8035
33.8664
33.9292
33.992
34.0549
34.1177
34.1805
34.2434
34.3062
34.369
34.4319
34.4947
34.5575
34.6204
34.6832
34.746
34.8088
34.8717
34.9345
34.9973
35.0602
35.123
35.1858
35.2487
35.3115
35.3743
35.4372
35.5
35.5628
35.6257
35.6885
35.7513
35.8142
35.877
35.9398
36.0027
36.0655
36.1283
36.1911
36.254
36.3168
36.3796
36.4425
36.5053
36.5681
36.631
36.6938
36.7566
36.8195
36.8823
36.9451
37.008
37.0708
37.1336
37.1965
37.2593
37.3221
37.385
37.4478
37.5106
37.5734
37.6363
37.6991
37.7619
37.8248
37.8876
37.9504
38.0133
38.0761
38.1389
38.2018
38.2646
38.3274
38.3903
38.4531
38.5159
38.5788
38.6416
38.7044
38.7673
38.8301
38.8929
38.9557
39.0186
39.0814
39.1442
39.2071
39.2699
39.3327
39.3956
39.4584
39.5212
39.5841
39.6469
39.7097
39.7726
39.8354
39.8982
39.9611
40.0239
40.0867
40.1496
40.2124
40.2752
40.338
40.4009
40.4637
40.5265
40.5894
40.6522
40.715
40.7779
40.8407
40.9035
40.9664
41.0292
41.092
41.1549
41.2177
41.2805
41.3434
41.4062
41.469
41.5319
41.5947
41.6575
41.7204
41.7832
41.846
41.9088
41.9717
42.0345
42.0973
42.1602
42.223
42.2858
42.3487
42.4115
42.4743
42.5372
42.6
42.6628
42.7257
42.7885
42.8513
42.9142
42.977
43.0398
43.1027
43.1655
43.2283
43.2911
43.354
43.4168
43.4796
43.5425
43.6053
43.6681
43.731
43.7938
43.8566
43.9195
43.9823
44.0451
44.108
44.1708
44.2336
44.2965
44.3593
44.4221
44.485
44.5478
44.6106
44.6734
44.7363
44.7991
44.8619
44.9248
44.9876
45.0504
45.1133
45.1761
45.2389
45.3018
45.3646
45.4274
45.4903
45.5531
45.6159
45.6788
45.7416
45.8044
45.8673
45.9301
45.9929
46.0557
46.1186
46.1814
46.2442
46.3071
46.3699
46.4327
46.4956
46.5584
46.6212
46.6841
46.7469
46.8097
46.8726
46.9354
46.9982
47.0611
47.1239
47.1867
47.2496
47.3124
47.3752
47.438
47.5009
47.5637
47.6265
47.6894
47.7522
47.815
47.8779
47.9407
48.0035
48.0664
48.1292
48.192
48.2549
48.3177
48.3805
48.4434
48.5062
48.569
48.6319
48.6947
48.7575
48.8203
48.8832
48.946
49.0088
49.0717
49.1345
49.1973
49.2602
49.323
49.3858
49.4487
49.5115
49.5743
49.6372
49.7
49.7628
49.8257
49.8885
49.9513
50.0142
50.077
50.1398
50.2027
50.2655
50.3283
50.3911
50.454
50.5168
50.5796
50.6425
50.7053
50.7681
50.831
50.8938
50.9566
51.0195
51.0823
51.1451
51.208
51.2708
51.3336
51.3965
51.4593
51.5221
51.585
51.6478
51.7106
51.7734
51.8363
51.8991
51.9619
52.0248
52.0876
52.1504
52.2133
52.2761
52.3389
52.4018
52.4646
52.5274
52.5903
52.6531
52.7159
52.7788
52.8416
52.9044
52.9673
53.0301
53.0929
53.1557
53.2186
53.2814
53.3442
53.4071
53.4699
53.5327
53.5956
53.6584
53.7212
53.7841
53.8469
53.9097
53.9726
54.0354
54.0982
54.1611
54.2239
54.2867
54.3496
54.4124
54.4752
54.538
54.6009
54.6637
54.7265
54.7894
54.8522
54.915
54.9779
55.0407
55.1035
55.1664
55.2292
55.292
55.3549
55.4177
55.4805
55.5434
55.6062
55.669
55.7319
55.7947
55.8575
55.9203
55.9832
56.046
56.1088
56.1717
56.2345
56.2973
56.3602
56.423
56.4858
56.5487
56.6115
56.6743
56.7372
56.8
56.8628
56.9257
56.9885
57.0513
57.1142
57.177
57.2398
57.3027
57.3655
57.4283
57.4911
57.554
57.6168
57.6796
57.7425
57.8053
57.8681
57.931
57.9938
58.0566
58.1195
58.1823
58.2451
58.308
58.3708
58.4336
58.4965
58.5593
58.6221
58.685
58.7478
58.8106
58.8734
58.9363
58.9991
59.0619
59.1248
59.1876
59.2504
59.3133
59.3761
59.4389
59.5018
59.5646
59.6274
59.6903
59.7531
59.8159
59.8788
59.9416
60.0044
60.0673
60.1301
60.1929
60.2557
60.3186
60.3814
60.4442
60.5071
60.5699
60.6327
60.6956
60.7584
60.8212
60.8841
60.9469
61.0097
61.0726
61.1354
61.1982
61.2611
61.3239
61.3867
61.4496
61.5124
61.5752
61.638
61.7009
61.7637
61.8265
61.8894
61.9522
62.015
62.0779
62.1407
62.2035
62.2664
62.3292
62.392
62.4549
62.5177
62.5805
62.6434
62.7062
62.769
62.8319
62.8947
62.9575
63.0203
63.0832
63.146
63.2088
63.2717
63.3345
63.3973
63.4602
63.523
63.5858
63.6487
63.7115
63.7743
63.8372
63.9
63.9628
64.0257
64.0885
64.1513
64.2142
64.277
64.3398
64.4026
64.4655
64.5283
64.5911
64.654
64.7168
64.7796
64.8425
64.9053
64.9681
65.031
65.0938
65.1566
65.2195
65.2823
65.3451
65.408
65.4708
65.5336
65.5965
65.6593
65.7221
65.785
65.8478
65.9106
65.9734
66.0363
66.0991
66.1619
66.2248
66.2876
66.3504
66.4133
66.4761
66.5389
66.6018
66.6646
66.7274
66.7903
66.8531
66.9159
66.9788
67.0416
67.1044
67.1673
67.2301
67.2929
67.3557
67.4186
67.4814
67.5442
67.6071
67.6699
67.7327
67.7956
67.8584
67.9212
67.9841
68.0469
68.1097
68.1726
68.2354
68.2982
68.3611
68.4239
68.4867
68.5496
68.6124
68.6752
68.738
68.8009
68.8637
68.9265
68.9894
69.0522
69.115
69.1779
69.2407
69.3035
69.3664
69.4292
69.492
69.5549
69.6177
69.6805
69.7434
69.8062
69.869
69.9319
69.9947
70.0575
70.1203
70.1832
70.246
70.3088
70.3717
70.4345
70.4973
70.5602
70.623
70.6858
70.7487
70.8115
70.8743
70.9372
71
71.0628
71.1257
71.1885
71.2513
71.3142
71.377
71.4398
71.5026
71.5655
71.6283
71.6911
71.754
71.8168
71.8796
71.9425
72.0053
72.0681
72.131
72.1938
72.2566
72.3195
72.3823
72.4451
72.508
72.5708
72.6336
72.6965
72.7593
72.8221
72.8849
72.9478
73.0106
73.0734
73.1363
73.1991
73.2619
73.3248
73.3876
73.4504
73.5133
73.5761
73.6389
73.7018
73.7646
73.8274
73.8903
73.9531
74.0159
74.0788
74.1416
74.2044
74.2673
74.3301
74.3929
74.4557
74.5186
74.5814
74.6442
74.7071
74.7699
74.8327
74.8956
74.9584
75.0212
75.0841
75.1469
75.2097
75.2726
75.3354
75.3982
75.4611
75.5239
75.5867
75.6496
75.7124
75.7752
75.838
75.9009
75.9637
76.0265
76.0894
76.1522
76.215
76.2779
76.3407
76.4035
76.4664
76.5292
76.592
76.6549
76.7177
76.7805
76.8434
76.9062
76.969
77.0319
77.0947
77.1575
77.2203
77.2832
77.346
77.4088
77.4717
77.5345
77.5973
77.6602
77.723
77.7858
77.8487
77.9115
77.9743
78.0372
78.1
78.1628
78.2257
78.2885
78.3513
78.4142
78.477
78.5398
78.6026
78.6655
78.7283
78.7911
78.854
78.9168
78.9796
79.0425
79.1053
79.1681
79.231
79.2938
79.3566
79.4195
79.4823
79.5451
79.608
79.6708
79.7336
79.7965
79.8593
79.9221
79.9849
80.0478
80.1106
80.1734
80.2363
80.2991
80.3619
80.4248
80.4876
80.5504
80.6133
80.6761
80.7389
80.8018
80.8646
80.9274
80.9903
81.0531
81.1159
81.1788
81.2416
81.3044
81.3672
81.4301
81.4929
81.5557
81.6186
81.6814
81.7442
81.8071
81.8699
81.9327
81.9956
82.0584
82.1212
82.1841
82.2469
82.3097
82.3726
82.4354
82.4982
82.5611
82.6239
82.6867
82.7496
82.8124
82.8752
82.938
83.0009
83.0637
83.1265
83.1894
83.2522
83.315
83.3779
83.4407
83.5035
83.5664
83.6292
83.692
83.7549
83.8177
83.8805
83.9434
84.0062
84.069
84.1319
84.1947
84.2575
84.3203
84.3832
84.446
84.5088
84.5717
84.6345
84.6973
84.7602
84.823
84.8858
84.9487
85.0115
85.0743
85.1372
85.2
85.2628
85.3257
85.3885
85.4513
85.5142
85.577
85.6398
85.7026
85.7655
85.8283
85.8911
85.954
86.0168
86.0796
86.1425
86.2053
86.2681
86.331
86.3938
86.4566
86.5195
86.5823
86.6451
86.708
86.7708
86.8336
86.8965
86.9593
87.0221
87.0849
87.1478
87.2106
87.2734
87.3363
87.3991
87.4619
87.5248
87.5876
87.6504
87.7133
87.7761
87.8389
87.9018
87.9646
88.0274
88.0903
88.1531
88.2159
88.2788
88.3416
88.4044
88.4672
88.5301
88.5929
88.6557
88.7186
88.7814
88.8442
88.9071
88.9699
89.0327
89.0956
89.1584
89.2212
89.2841
89.3469
89.4097
89.4726
89.5354
89.5982
89.6611
89.7239
89.7867
89.8495
89.9124
89.9752
90.038
90.1009
90.1637
90.2265
90.2894
90.3522
90.415
90.4779
90.5407
90.6035
90.6664
90.7292
90.792
90.8549
90.9177
90.9805
91.0434
91.1062
91.169
91.2319
91.2947
91.3575
91.4203
91.4832
91.546
91.6088
91.6717
91.7345
91.7973
91.8602
91.923
91.9858
92.0487
92.1115
92.1743
92.2372
92.3
92.3628
92.4257
92.4885
92.5513
92.6142
92.677
92.7398
92.8026
92.8655
92.9283
92.9911
93.054
93.1168
93.1796
93.2425
93.3053
93.3681
93.431
93.4938
93.5566
93.6195
93.6823
93.7451
93.808
93.8708
93.9336
93.9965
94.0593
94.1221
94.1849
94.2478
94.3106
94.3734
94.4363
94.4991
94.5619
94.6248
94.6876
94.7504
94.8133
94.8761
94.9389
95.0018
95.0646
95.1274
95.1903
95.2531
95.3159
95.3788
95.4416
95.5044
95.5672
95.6301
95.6929
95.7557
95.8186
95.8814
95.9442
96.0071
96.0699
96.1327
96.1956
96.2584
96.3212
96.3841
96.4469
96.5097
96.5726
96.6354
96.6982
96.7611
96.8239
96.8867
96.9495
97.0124
97.0752
97.138
97.2009
97.2637
97.3265
97.3894
97.4522
97.515
97.5779
97.6407
97.7035
97.7664
97.8292
97.892
97.9549
98.0177
98.0805
98.1434
98.2062
98.269
98.3319
98.3947
98.4575
98.5203
98.5832
98.646
98.7088
98.7717
98.8345
98.8973
98.9602
99.023
99.0858
99.1487
99.2115
99.2743
99.3372
99.4
99.4628
99.5257
99.5885
99.6513
99.7142
99.777
99.8398
99.9026
99.9655
100.028
100.091
100.154
100.217
100.28
100.342
100.405
100.468
100.531
100.594
100.657
100.719
100.782
100.845
100.908
100.971
101.034
101.096
101.159
101.222
101.285
101.348
101.411
101.473
101.536
101.599
101.662
101.725
101.788
101.85
101.913
101.976
102.039
102.102
102.165
102.227
102.29
102.353
102.416
102.479
102.542
102.604
102.667
102.73
102.793
102.856
102.919
102.981
103.044
103.107
103.17
103.233
103.296
103.358
103.421
103.484
103.547
103.61
103.673
103.735
103.798
103.861
103.924
103.987
104.05
104.112
104.175
104.238
104.301
104.364
104.427
104.489
104.552
104.615
104.678
104.741
104.804
104.866
104.929
104.992
105.055
105.118
105.181
105.243
105.306
105.369
105.432
105.495
105.558
105.62
105.683
105.746
105.809
105.872
105.935
105.997
106.06
106.123
106.186
106.249
106.311
106.374
106.437
106.5
106.563
106.626
106.688
106.751
106.814
106.877
106.94
107.003
107.065
107.128
107.191
107.254
107.317
107.38
107.442
107.505
107.568
107.631
107.694
107.757
107.819
107.882
107.945
108.008
108.071
108.134
108.196
108.259
108.322
108.385
108.448
108.511
108.573
108.636
108.699
108.762
108.825
108.888
108.95
109.013
109.076
109.139
109.202
109.265
109.327
109.39
109.453
109.516
109.579
109.642
109.704
109.767
109.83
109.893
109.956
110.019
110.081
110.144
110.207
110.27
110.333
110.396
110.458
110.521
110.584
110.647
110.71
110.773
110.835
110.898
110.961
111.024
111.087
111.15
111.212
111.275
111.338
111.401
111.464
111.527
111.589
111.652
111.715
111.778
111.841
111.904
111.966
112.029
112.092
112.155
112.218
112.281
112.343
112.406
112.469
112.532
112.595
112.658
112.72
112.783
112.846
112.909
112.972
113.035
113.097
113.16
113.223
113.286
113.349
113.411
113.474
113.537
113.6
113.663
113.726
113.788
113.851
113.914
113.977
114.04
114.103
114.165
114.228
114.291
114.354
114.417
114.48
114.542
114.605
114.668
114.731
114.794
114.857
114.919
114.982
115.045
115.108
115.171
115.234
115.296
115.359
115.422
115.485
115.548
115.611
115.673
115.736
115.799
115.862
115.925
115.988
116.05
116.113
116.176
116.239
116.302
116.365
116.427
116.49
116.553
116.616
116.679
116.742
116.804
116.867
116.93
116.993
117.056
117.119
117.181
117.244
117.307
117.37
117.433
117.496
117.558
117.621
117.684
117.747
117.81
117.873
117.935
117.998
118.061
118.124
118.187
118.25
118.312
118.375
118.438
118.501
118.564
118.627
118.689
118.752
118.815
118.878
118.941
119.004
119.066
119.129
119.192
119.255
119.318
119.381
119.443
119.506
119.569
119.632
119.695
119.758
119.82
119.883
119.946
120.009
120.072
120.135
120.197
120.26
120.323
120.386
120.449
120.511
120.574
120.637
120.7
120.763
120.826
120.888
120.951
121.014
121.077
121.14
121.203
121.265
121.328
121.391
121.454
121.517
121.58
121.642
121.705
121.768
121.831
121.894
121.957
122.019
122.082
122.145
122.208
122.271
122.334
122.396
122.459
122.522
122.585
122.648
122.711
122.773
122.836
122.899
122.962
123.025
123.088
123.15
123.213
123.276
123.339
123.402
123.465
123.527
123.59
123.653
123.716
123.779
123.842
123.904
123.967
124.03
124.093
124.156
124.219
124.281
124.344
124.407
124.47
124.533
124.596
124.658
124.721
124.784
124.847
124.91
124.973
125.035
125.098
125.161
125.224
125.287
125.35
125.412
125.475
125.538
125.601
125.664
125.727
125.789
125.852
125.915
125.978
126.041
126.104
126.166
126.229
126.292
126.355
126.418
126.481
126.543
126.606
126.669
126.732
126.795
126.858
126.92
126.983
127.046
127.109
127.172
127.235
127.297
127.36
127.423
127.486
127.549
127.611
127.674
127.737
127.8
127.863
127.926
127.988
128.051
128.114
128.177
128.24
128.303
128.365
128.428
128.491
128.554
128.617
128.68
128.742
128.805
128.868
128.931
128.994
129.057
129.119
129.182
129.245
129.308
129.371
129.434
129.496
129.559
129.622
129.685
129.748
129.811
129.873
129.936
129.999
130.062
130.125
130.188
130.25
130.313
130.376
130.439
130.502
130.565
130.627
130.69
130.753
130.816
130.879
130.942
131.004
131.067
131.13
131.193
131.256
131.319
131.381
131.444
131.507
131.57
131.633
131.696
131.758
131.821
131.884
131.947
132.01
132.073
132.135
132.198
132.261
132.324
132.387
132.45
132.512
132.575
132.638
132.701
132.764
132.827
132.889
132.952
133.015
133.078
133.141
133.204
133.266
133.329
133.392
133.455
133.518
133.581
133.643
133.706
133.769
133.832
133.895
133.958
134.02
134.083
134.146
134.209
134.272
134.335
134.397
134.46
134.523
134.586
134.649
134.711
134.774
134.837
134.9
134.963
135.026
135.088
135.151
135.214
135.277
135.34
135.403
135.465
135.528
135.591
135.654
135.717
135.78
135.842
135.905
135.968
136.031
136.094
136.157
136.219
136.282
136.345
136.408
136.471
136.534
136.596
136.659
136.722
136.785
136.848
136.911
136.973
137.036
137.099
137.162
137.225
137.288
137.35
137.413
137.476
137.539
137.602
137.665
137.727
137.79
137.853
137.916
137.979
138.042
138.104
138.167
138.23
138.293
138.356
138.419
138.481
138.544
138.607
138.67
138.733
138.796
138.858
138.921
138.984
139.047
139.11
139.173
139.235
139.298
139.361
139.424
139.487
139.55
139.612
139.675
139.738
139.801
139.864
139.927
139.989
140.052
140.115
140.178
140.241
140.304
140.366
140.429
140.492
140.555
140.618
140.681
140.743
140.806
140.869
140.932
140.995
141.058
141.12
141.183
141.246
141.309
141.372
141.435
141.497
141.56
141.623
141.686
141.749
141.811
141.874
141.937
142
142.063
142.126
142.188
142.251
142.314
142.377
142.44
142.503
142.565
142.628
142.691
142.754
142.817
142.88
142.942
143.005
143.068
143.131
143.194
143.257
143.319
143.382
143.445
143.508
143.571
143.634
143.696
143.759
143.822
143.885
143.948
144.011
144.073
144.136
144.199
144.262
144.325
144.388
144.45
144.513
144.576
144.639
144.702
144.765
144.827
144.89
144.953
145.016
145.079
145.142
145.204
145.267
145.33
145.393
145.456
145.519
145.581
145.644
145.707
145.77
145.833
145.896
145.958
146.021
146.084
146.147
146.21
146.273
146.335
146.398
146.461
146.524
146.587
146.65
146.712
146.775
146.838
146.901
146.964
147.027
147.089
147.152
147.215
147.278
147.341
147.404
147.466
147.529
147.592
147.655
147.718
147.781
147.843
147.906
147.969
148.032
148.095
148.158
148.22
148.283
148.346
148.409
148.472
148.535
148.597
148.66
148.723
148.786
148.849
148.911
148.974
149.037
149.1
149.163
149.226
149.288
149.351
149.414
149.477
149.54
149.603
149.665
149.728
149.791
149.854
149.917
149.98
150.042
150.105
150.168
150.231
150.294
150.357
150.419
150.482
150.545
150.608
150.671
150.734
150.796
150.859
150.922
150.985
151.048
151.111
151.173
151.236
151.299
151.362
151.425
151.488
151.55
151.613
151.676
151.739
151.802
151.865
151.927
151.99
152.053
152.116
152.179
152.242
152.304
152.367
152.43
152.493
152.556
152.619
152.681
152.744
152.807
152.87
152.933
152.996
153.058
153.121
153.184
153.247
153.31
153.373
153.435
153.498
153.561
153.624
153.687
153.75
153.812
153.875
153.938
154.001
154.064
154.127
154.189
154.252
154.315
154.378
154.441
154.504
154.566
154.629
154.692
154.755
154.818
154.881
154.943
155.006
155.069
155.132
155.195
155.258
155.32
155.383
155.446
155.509
155.572
155.635
155.697
155.76
155.823
155.886
155.949
156.011
156.074
156.137
156.2
156.263
156.326
156.388
156.451
156.514
156.577
156.64
156.703
156.765
156.828
156.891
156.954
157.017
157.08
157.142
157.205
157.268
157.331
157.394
157.457
157.519
157.582
157.645
157.708
157.771
157.834
157.896
157.959
158.022
158.085
158.148
158.211
158.273
158.336
158.399
158.462
158.525
158.588
158.65
158.713
158.776
158.839
158.902
158.965
159.027
159.09
159.153
159.216
159.279
159.342
159.404
159.467
159.53
159.593
159.656
159.719
159.781
159.844
159.907
159.97
160.033
160.096
160.158
160.221
160.284
160.347
160.41
160.473
160.535
160.598
160.661
160.724
160.787
160.85
160.912
160.975
161.038
161.101
161.164
161.227
161.289
161.352
161.415
161.478
161.541
161.604
161.666
161.729
161.792
161.855
161.918
161.981
162.043
162.106
162.169
162.232
162.295
162.358
162.42
162.483
162.546
162.609
162.672
162.734
162.797
162.86
162.923
162.986
163.049
163.111
163.174
163.237
163.3
163.363
163.426
163.488
163.551
163.614
163.677
163.74
163.803
163.865
163.928
163.991
164.054
164.117
164.18
164.242
164.305
164.368
164.431
164.494
164.557
164.619
164.682
164.745
164.808
164.871
164.934
164.996
165.059
165.122
165.185
165.248
165.311
165.373
165.436
165.499
165.562
165.625
165.688
165.75
165.813
165.876
165.939
166.002
166.065
166.127
166.19
166.253
166.316
166.379
166.442
166.504
166.567
166.63
166.693
166.756
166.819
166.881
166.944
167.007
167.07
167.133
167.196
167.258
167.321
167.384
167.447
167.51
167.573
167.635
167.698
167.761
167.824
167.887
167.95
168.012
168.075
168.138
168.201
168.264
168.327
168.389
168.452
168.515
168.578
168.641
168.704
168.766
168.829
168.892
168.955
169.018
169.081
169.143
169.206
169.269
169.332
169.395
169.458
169.52
169.583
169.646
169.709
169.772
169.834
169.897
169.96
170.023
170.086
170.149
170.211
170.274
170.337
170.4
170.463
170.526
170.588
170.651
170.714
170.777
170.84
170.903
170.965
171.028
171.091
171.154
171.217
171.28
171.342
171.405
171.468
171.531
171.594
171.657
171.719
171.782
171.845
171.908
171.971
172.034
172.096
172.159
172.222
172.285
172.348
172.411
172.473
172.536
172.599
172.662
172.725
172.788
172.85
172.913
172.976
173.039
173.102
173.165
173.227
173.29
173.353
173.416
173.479
173.542
173.604
173.667
173.73
173.793
173.856
173.919
173.981
174.044
174.107
174.17
174.233
174.296
174.358
174.421
174.484
174.547
174.61
174.673
174.735
174.798
174.861
174.924
174.987
175.05
175.112
175.175
175.238
175.301
175.364
175.427
175.489
175.552
175.615
175.678
175.741
175.804
175.866
175.929
175.992
176.055
176.118
176.181
176.243
176.306
176.369
176.432
176.495
176.558
176.62
176.683
176.746
176.809
176.872
176.934
176.997
177.06
177.123
177.186
177.249
177.311
177.374
177.437
177.5
177.563
177.626
177.688
177.751
177.814
177.877
177.94
178.003
178.065
178.128
178.191
178.254
178.317
178.38
178.442
178.505
178.568
178.631
178.694
178.757
178.819
178.882
178.945
179.008
179.071
179.134
179.196
179.259
179.322
179.385
179.448
179.511
179.573
179.636
179.699
179.762
179.825
179.888
179.95
180.013
180.076
180.139
180.202
180.265
180.327
180.39
180.453
180.516
180.579
180.642
180.704
180.767
180.83
180.893
180.956
181.019
181.081
181.144
181.207
181.27
181.333
181.396
181.458
181.521
181.584
181.647
181.71
181.773
181.835
181.898
181.961
182.024
182.087
182.15
182.212
182.275
182.338
182.401
182.464
182.527
182.589
182.652
182.715
182.778
182.841
182.904
182.966
183.029
183.092
183.155
183.218
183.281
183.343
183.406
183.469
183.532
183.595
183.658
183.72
183.783
183.846
183.909
183.972
184.034
184.097
184.16
184.223
184.286
184.349
184.411
184.474
184.537
184.6
184.663
184.726
184.788
184.851
184.914
184.977
185.04
185.103
185.165
185.228
185.291
185.354
185.417
185.48
185.542
185.605
185.668
185.731
185.794
185.857
185.919
185.982
186.045
186.108
186.171
186.234
186.296
186.359
186.422
186.485
186.548
186.611
186.673
186.736
186.799
186.862
186.925
186.988
187.05
187.113
187.176
187.239
187.302
187.365
187.427
187.49
187.553
187.616
187.679
187.742
187.804
187.867
187.93
187.993
188.056
188.119
188.181
188.244
188.307
188.37
188.433
188.496
188.558
188.621
188.684
188.747
188.81
188.873
188.935
188.998
189.061
189.124
189.187
189.25
189.312
189.375
189.438
189.501
189.564
189.627
189.689
189.752
189.815
189.878
189.941
190.004
190.066
190.129
190.192
190.255
190.318
190.381
190.443
190.506
190.569
190.632
190.695
190.758
190.82
190.883
190.946
191.009
191.072
191.134
191.197
191.26
191.323
191.386
191.449
191.511
191.574
191.637
191.7
191.763
191.826
191.888
191.951
192.014
192.077
192.14
192.203
192.265
192.328
192.391
192.454
192.517
192.58
192.642
192.705
192.768
192.831
192.894
192.957
193.019
193.082
193.145
193.208
193.271
193.334
193.396
193.459
193.522
193.585
193.648
193.711
193.773
193.836
193.899
193.962
194.025
194.088
194.15
194.213
194.276
194.339
194.402
194.465
194.527
194.59
194.653
194.716
194.779
194.842
194.904
194.967
195.03
195.093
195.156
195.219
195.281
195.344
195.407
195.47
195.533
195.596
195.658
195.721
195.784
195.847
195.91
195.973
196.035
196.098
196.161
196.224
196.287
196.35
196.412
196.475
196.538
196.601
196.664
196.727
196.789
196.852
196.915
196.978
197.041
197.104
197.166
197.229
197.292
197.355
197.418
197.481
197.543
197.606
197.669
197.732
197.795
197.858
197.92
197.983
198.046
198.109
198.172
198.234
198.297
198.36
198.423
198.486
198.549
198.611
198.674
198.737
198.8
198.863
198.926
198.988
199.051
199.114
199.177
199.24
199.303
199.365
199.428
199.491
199.554
199.617
199.68
199.742
199.805
199.868
199.931
199.994
200.057
200.119
200.182
200.245
200.308
200.371
200.434
200.496
200.559
200.622
200.685
200.748
200.811
200.873
200.936
200.999
201.062
201.125
201.188
201.25
201.313
201.376
201.439
201.502
201.565
201.627
201.69
201.753
201.816
201.879
201.942
202.004
202.067
202.13
202.193
202.256
202.319
202.381
202.444
202.507
202.57
202.633
202.696
202.758
202.821
202.884
202.947
203.01
203.073
203.135
203.198
203.261
203.324
203.387
203.45
203.512
203.575
203.638
203.701
203.764
203.827
203.889
203.952
204.015
204.078
204.141
204.204
204.266
204.329
204.392
204.455
204.518
204.581
204.643
204.706
204.769
204.832
204.895
204.958
205.02
205.083
205.146
205.209
205.272
205.334
205.397
205.46
205.523
205.586
205.649
205.711
205.774
205.837
205.9
205.963
206.026
206.088
206.151
206.214
206.277
206.34
206.403
206.465
206.528
206.591
206.654
206.717
206.78
206.842
206.905
206.968
207.031
207.094
207.157
207.219
207.282
207.345
207.408
207.471
207.534
207.596
207.659
207.722
207.785
207.848
207.911
207.973
208.036
208.099
208.162
208.225
208.288
208.35
208.413
208.476
208.539
208.602
208.665
208.727
208.79
208.853
208.916
208.979
209.042
209.104
209.167
209.23
209.293
209.356
209.419
209.481
209.544
209.607
209.67
209.733
209.796
209.858
209.921
209.984
210.047
210.11
210.173
210.235
210.298
210.361
210.424
210.487
210.55
210.612
210.675
210.738
210.801
210.864
210.927
210.989
211.052
211.115
211.178
211.241
211.304
211.366
211.429
211.492
211.555
211.618
211.681
211.743
211.806
211.869
211.932
211.995
212.058
212.12
212.183
212.246
212.309
212.372
212.434
212.497
212.56
212.623
212.686
212.749
212.811
212.874
212.937
213
213.063
213.126
213.188
213.251
213.314
213.377
213.44
213.503
213.565
213.628
213.691
213.754
213.817
213.88
213.942
214.005
214.068
214.131
214.194
214.257
214.319
214.382
214.445
214.508
214.571
214.634
214.696
214.759
214.822
214.885
214.948
215.011
215.073
215.136
215.199
215.262
215.325
215.388
215.45
215.513
215.576
215.639
215.702
215.765
215.827
215.89
215.953
216.016
216.079
216.142
216.204
216.267
216.33
216.393
216.456
216.519
216.581
216.644
216.707
216.77
216.833
216.896
216.958
217.021
217.084
217.147
217.21
217.273
217.335
217.398
217.461
217.524
217.587
217.65
217.712
217.775
217.838
217.901
217.964
218.027
218.089
218.152
218.215
218.278
218.341
218.404
218.466
218.529
218.592
218.655
218.718
218.781
218.843
218.906
218.969
219.032
219.095
219.158
219.22
219.283
219.346
219.409
219.472
219.534
219.597
219.66
219.723
219.786
219.849
219.911
219.974
220.037
220.1
220.163
220.226
220.288
220.351
220.414
220.477
220.54
220.603
220.665
220.728
220.791
220.854
220.917
220.98
221.042
221.105
221.168
221.231
221.294
221.357
221.419
221.482
221.545
221.608
221.671
221.734
221.796
221.859
221.922
221.985
222.048
222.111
222.173
222.236
222.299
222.362
222.425
222.488
222.55
222.613
222.676
222.739
222.802
222.865
222.927
222.99
223.053
223.116
223.179
223.242
223.304
223.367
223.43
223.493
223.556
223.619
223.681
223.744
223.807
223.87
223.933
223.996
224.058
224.121
224.184
224.247
224.31
224.373
224.435
224.498
224.561
224.624
224.687
224.75
224.812
224.875
224.938
225.001
225.064
225.127
225.189
225.252
225.315
225.378
225.441
225.504
225.566
225.629
225.692
225.755
225.818
225.881
225.943
226.006
226.069
226.132
226.195
226.258
226.32
226.383
226.446
226.509
226.572
226.634
226.697
226.76
226.823
226.886
226.949
227.011
227.074
227.137
227.2
227.263
227.326
227.388
227.451
227.514
227.577
227.64
227.703
227.765
227.828
227.891
227.954
228.017
228.08
228.142
228.205
228.268
228.331
228.394
228.457
228.519
228.582
228.645
228.708
228.771
228.834
228.896
228.959
229.022
229.085
229.148
229.211
229.273
229.336
229.399
229.462
229.525
229.588
229.65
229.713
229.776
229.839
229.902
229.965
230.027
230.09
230.153
230.216
230.279
230.342
230.404
230.467
230.53
230.593
230.656
230.719
230.781
230.844
230.907
230.97
231.033
231.096
231.158
231.221
231.284
231.347
231.41
231.473
231.535
231.598
231.661
231.724
231.787
231.85
231.912
231.975
232.038
232.101
232.164
232.227
232.289
232.352
232.415
232.478
232.541
232.604
232.666
232.729
232.792
232.855
232.918
232.981
233.043
233.106
233.169
233.232
233.295
233.358
233.42
233.483
233.546
233.609
233.672
233.734
233.797
233.86
233.923
233.986
234.049
234.111
234.174
234.237
234.3
234.363
234.426
234.488
234.551
234.614
234.677
234.74
234.803
234.865
234.928
234.991
235.054
235.117
235.18
235.242
235.305
235.368
235.431
235.494
235.557
235.619
235.682
235.745
235.808
235.871
235.934
235.996
236.059
236.122
236.185
236.248
236.311
236.373
236.436
236.499
236.562
236.625
236.688
236.75
236.813
236.876
236.939
237.002
237.065
237.127
237.19
237.253
237.316
237.379
237.442
237.504
237.567
237.63
237.693
237.756
237.819
237.881
237.944
238.007
238.07
238.133
238.196
238.258
238.321
238.384
238.447
238.51
238.573
238.635
238.698
238.761
238.824
238.887
238.95
239.012
239.075
239.138
239.201
239.264
239.327
239.389
239.452
239.515
239.578
239.641
239.704
239.766
239.829
239.892
239.955
240.018
240.081
240.143
240.206
240.269
240.332
240.395
240.458
240.52
240.583
240.646
240.709
240.772
240.834
240.897
240.96
241.023
241.086
241.149
241.211
241.274
241.337
241.4
241.463
241.526
241.588
241.651
241.714
241.777
241.84
241.903
241.965
242.028
242.091
242.154
242.217
242.28
242.342
242.405
242.468
242.531
242.594
242.657
242.719
242.782
242.845
242.908
242.971
243.034
243.096
243.159
243.222
243.285
243.348
243.411
243.473
243.536
243.599
243.662
243.725
243.788
243.85
243.913
243.976
244.039
244.102
244.165
244.227
244.29
244.353
244.416
244.479
244.542
244.604
244.667
244.73
244.793
244.856
244.919
244.981
245.044
245.107
245.17
245.233
245.296
245.358
245.421
245.484
245.547
245.61
245.673
245.735
245.798
245.861
245.924
245.987
246.05
246.112
246.175
246.238
246.301
246.364
246.427
246.489
246.552
246.615
246.678
246.741
246.804
246.866
246.929
246.992
247.055
247.118
247.181
247.243
247.306
247.369
247.432
247.495
247.558
247.62
247.683
247.746
247.809
247.872
247.934
247.997
248.06
248.123
248.186
248.249
248.311
248.374
248.437
248.5
248.563
248.626
248.688
248.751
248.814
248.877
248.94
249.003
249.065
249.128
249.191
249.254
249.317
249.38
249.442
249.505
249.568
249.631
249.694
249.757
249.819
249.882
249.945
250.008
250.071
250.134
250.196
250.259
250.322
250.385
250.448
250.511
250.573
250.636
250.699
250.762
250.825
250.888
250.95
251.013
251.076
251.139
251.202
251.265
251.327
251.39
251.453
251.516
251.579
251.642
251.704
251.767
251.83
251.893
251.956
252.019
252.081
252.144
252.207
252.27
252.333
252.396
252.458
252.521
252.584
252.647
252.71
252.773
252.835
252.898
252.961
253.024
253.087
253.15
253.212
253.275
253.338
253.401
253.464
253.527
253.589
253.652
253.715
253.778
253.841
253.904
253.966
254.029
254.092
254.155
254.218
254.281
254.343
254.406
254.469
254.532
254.595
254.658
254.72
254.783
254.846
254.909
254.972
255.034
255.097
255.16
255.223
255.286
255.349
255.411
255.474
255.537
255.6
255.663
255.726
255.788
255.851
255.914
255.977
256.04
256.103
256.165
256.228
256.291
256.354
256.417
256.48
256.542
256.605
256.668
256.731
256.794
256.857
256.919
256.982
257.045
257.108
257.171
257.234
257.296
257.359
257.422
257.485
257.548
257.611
257.673
257.736
257.799
257.862
257.925
257.988
258.05
258.113
258.176
258.239
258.302
258.365
258.427
258.49
258.553
258.616
258.679
258.742
258.804
258.867
258.93
258.993
259.056
259.119
259.181
259.244
259.307
259.37
259.433
259.496
259.558
259.621
259.684
259.747
259.81
259.873
259.935
259.998
260.061
260.124
260.187
260.25
260.312
260.375
260.438
260.501
260.564
260.627
260.689
260.752
260.815
260.878
260.941
261.004
261.066
261.129
261.192
261.255
261.318
261.381
261.443
261.506
261.569
261.632
261.695
261.757
261.82
261.883
261.946
262.009
262.072
262.134
262.197
262.26
262.323
262.386
262.449
262.511
262.574
262.637
262.7
262.763
262.826
262.888
262.951
263.014
263.077
263.14
263.203
263.265
263.328
263.391
263.454
263.517
263.58
263.642
263.705
263.768
263.831
263.894
263.957
264.019
264.082
264.145
264.208
264.271
264.334
264.396
264.459
264.522
264.585
264.648
264.711
264.773
264.836
264.899
264.962
265.025
265.088
265.15
265.213
265.276
265.339
265.402
265.465
265.527
265.59
265.653
265.716
265.779
265.842
265.904
265.967
266.03
266.093
266.156
266.219
266.281
266.344
266.407
266.47
266.533
266.596
266.658
266.721
266.784
266.847
266.91
266.973
267.035
267.098
267.161
267.224
267.287
267.35
267.412
267.475
267.538
267.601
267.664
267.727
267.789
267.852
267.915
267.978
268.041
268.104
268.166
268.229
268.292
268.355
268.418
268.481
268.543
268.606
268.669
268.732
268.795
268.857
268.92
268.983
269.046
269.109
269.172
269.234
269.297
269.36
269.423
269.486
269.549
269.611
269.674
269.737
269.8
269.863
269.926
269.988
270.051
270.114
270.177
270.24
270.303
270.365
270.428
270.491
270.554
270.617
270.68
270.742
270.805
270.868
270.931
270.994
271.057
271.119
271.182
271.245
271.308
271.371
271.434
271.496
271.559
271.622
271.685
271.748
271.811
271.873
271.936
271.999
272.062
272.125
272.188
272.25
272.313
272.376
272.439
272.502
272.565
272.627
272.69
272.753
272.816
272.879
272.942
273.004
273.067
273.13
273.193
273.256
273.319
273.381
273.444
273.507
273.57
273.633
273.696
273.758
273.821
273.884
273.947
274.01
274.073
274.135
274.198
274.261
274.324
274.387
274.45
274.512
274.575
274.638
274.701
274.764
274.827
274.889
274.952
275.015
275.078
275.141
275.204
275.266
275.329
275.392
275.455
275.518
275.581
275.643
275.706
275.769
275.832
275.895
275.957
276.02
276.083
276.146
276.209
276.272
276.334
276.397
276.46
276.523
276.586
276.649
276.711
276.774
276.837
276.9
276.963
277.026
277.088
277.151
277.214
277.277
277.34
277.403
277.465
277.528
277.591
277.654
277.717
277.78
277.842
277.905
277.968
278.031
278.094
278.157
278.219
278.282
278.345
278.408
278.471
278.534
278.596
278.659
278.722
278.785
278.848
278.911
278.973
279.036
279.099
279.162
279.225
279.288
279.35
279.413
279.476
279.539
279.602
279.665
279.727
279.79
279.853
279.916
279.979
280.042
280.104
280.167
280.23
280.293
280.356
280.419
280.481
280.544
280.607
280.67
280.733
280.796
280.858
280.921
280.984
281.047
281.11
281.173
281.235
281.298
281.361
281.424
281.487
281.55
281.612
281.675
281.738
281.801
281.864
281.927
281.989
282.052
282.115
282.178
282.241
282.304
282.366
282.429
282.492
282.555
282.618
282.681
282.743
282.806
282.869
282.932
282.995
283.057
283.12
283.183
283.246
283.309
283.372
283.434
283.497
283.56
283.623
283.686
283.749
283.811
283.874
283.937
284
284.063
284.126
284.188
284.251
284.314
284.377
284.44
284.503
284.565
284.628
284.691
284.754
284.817
284.88
284.942
285.005
285.068
285.131
285.194
285.257
285.319
285.382
285.445
285.508
285.571
285.634
285.696
285.759
285.822
285.885
285.948
286.011
286.073
286.136
286.199
286.262
286.325
286.388
286.45
286.513
286.576
286.639
286.702
286.765
286.827
286.89
286.953
287.016
287.079
287.142
287.204
287.267
287.33
287.393
287.456
287.519
287.581
287.644
287.707
287.77
287.833
287.896
287.958
288.021
288.084
288.147
288.21
288.273
288.335
288.398
288.461
288.524
288.587
288.65
288.712
288.775
288.838
288.901
288.964
289.027
289.089
289.152
289.215
289.278
289.341
289.404
289.466
289.529
289.592
289.655
289.718
289.781
289.843
289.906
289.969
290.032
290.095
290.157
290.22
290.283
290.346
290.409
290.472
290.534
290.597
290.66
290.723
290.786
290.849
290.911
290.974
291.037
291.1
291.163
291.226
291.288
291.351
291.414
291.477
291.54
291.603
291.665
291.728
291.791
291.854
291.917
291.98
292.042
292.105
292.168
292.231
292.294
292.357
292.419
292.482
292.545
292.608
292.671
292.734
292.796
292.859
292.922
292.985
293.048
293.111
293.173
293.236
293.299
293.362
293.425
293.488
293.55
293.613
293.676
293.739
293.802
293.865
293.927
293.99
294.053
294.116
294.179
294.242
294.304
294.367
294.43
294.493
294.556
294.619
294.681
294.744
294.807
294.87
294.933
294.996
295.058
295.121
295.184
295.247
295.31
295.373
295.435
295.498
295.561
295.624
295.687
295.75
295.812
295.875
295.938
296.001
296.064
296.127
296.189
296.252
296.315
296.378
296.441
296.504
296.566
296.629
296.692
296.755
296.818
296.881
296.943
297.006
297.069
297.132
297.195
297.257
297.32
297.383
297.446
297.509
297.572
297.634
297.697
297.76
297.823
297.886
297.949
298.011
298.074
298.137
298.2
298.263
298.326
298.388
298.451
298.514
298.577
298.64
298.703
298.765
298.828
298.891
298.954
299.017
299.08
299.142
299.205
299.268
299.331
299.394
299.457
299.519
299.582
299.645
299.708
299.771
299.834
299.896
299.959
300.022
300.085
300.148
300.211
300.273
300.336
300.399
300.462
300.525
300.588
300.65
300.713
300.776
300.839
300.902
300.965
301.027
301.09
301.153
301.216
301.279
301.342
301.404
301.467
301.53
301.593
301.656
301.719
301.781
301.844
301.907
301.97
302.033
302.096
302.158
302.221
302.284
302.347
302.41
302.473
302.535
302.598
302.661
302.724
302.787
302.85
302.912
302.975
303.038
303.101
303.164
303.227
303.289
303.352
303.415
303.478
303.541
303.604
303.666
303.729
303.792
303.855
303.918
303.981
304.043
304.106
304.169
304.232
304.295
304.357
304.42
304.483
304.546
304.609
304.672
304.734
304.797
304.86
304.923
304.986
305.049
305.111
305.174
305.237
305.3
305.363
305.426
305.488
305.551
305.614
305.677
305.74
305.803
305.865
305.928
305.991
306.054
306.117
306.18
306.242
306.305
306.368
306.431
306.494
306.557
306.619
306.682
306.745
306.808
306.871
306.934
306.996
307.059
307.122
307.185
307.248
307.311
307.373
307.436
307.499
307.562
307.625
307.688
307.75
307.813
307.876
307.939
308.002
308.065
308.127
308.19
308.253
308.316
308.379
308.442
308.504
308.567
308.63
308.693
308.756
308.819
308.881
308.944
309.007
309.07
309.133
309.196
309.258
309.321
309.384
309.447
309.51
309.573
309.635
309.698
309.761
309.824
309.887
309.95
310.012
310.075
310.138
310.201
310.264
310.327
310.389
310.452
310.515
310.578
310.641
310.704
310.766
310.829
310.892
310.955
311.018
311.081
311.143
311.206
311.269
311.332
311.395
311.457
311.52
311.583
311.646
311.709
311.772
311.834
311.897
311.96
312.023
312.086
312.149
312.211
312.274
312.337
312.4
312.463
312.526
312.588
312.651
312.714
312.777
312.84
312.903
312.965
313.028
313.091
313.154
313.217
313.28
313.342
313.405
313.468
313.531
313.594
313.657
313.719
313.782
313.845
313.908
313.971
314.034
314.096
-314.159
-314.096
-314.034
-313.971
-313.908
-313.845
-313.782
-313.719
-313.657
-313.594
-313.531
-313.468
-313.405
-313.342
-313.28
-313.217
-313.154
-313.091
-313.028
-312.965
-312.903
-312.84
-312.777
-312.714
-312.651
-312.588
-312.526
-312.463
-312.4
-312.337
-312.274
-312.211
-312.149
-312.086
-312.023
-311.96
-311.897
-311.834
-311.772
-311.709
-311.646
-311.583
-311.52
-311.457
-311.395
-311.332
-311.269
-311.206
-311.143
-311.081
-311.018
-310.955
-310.892
-310.829
-310.766
-310.704
-310.641
-310.578
-310.515
-310.452
-310.389
-310.327
-310.264
-310.201
-310.138
-310.075
-310.012
-309.95
-309.887
-309.824
-309.761
-309.698
-309.635
-309.573
-309.51
-309.447
-309.384
-309.321
-309.258
-309.196
-309.133
-309.07
-309.007
-308.944
-308.881
-308.819
-308.756
-308.693
-308.63
-308.567
-308.504
-308.442
-308.379
-308.316
-308.253
-308.19
-308.127
-308.065
-308.002
-307.939
-307.876
-307.813
-307.75
-307.688
-307.625
-307.562
-307.499
-307.436
-307.373
-307.311
-307.248
-307.185
-307.122
-307.059
-306.996
-306.934
-306.871
-306.808
-306.745
-306.682
-306.619
-306.557
-306.494
-306.431
-306.368
-306.305
-306.242
-306.18
-306.117
-306.054
-305.991
-305.928
-305.865
-305.803
-305.74
-305.677
-305.614
-305.551
-305.488
-305.426
-305.363
-305.3
-305.237
-305.174
-305.111
-305.049
-304.986
-304.923
-304.86
-304.797
-304.734
-304.672
-304.609
-304.546
-304.483
-304.42
-304.357
-304.295
-304.232
-304.169
-304.106
-304.043
-303.981
-303.918
-303.855
-303.792
-303.729
-303.666
-303.604
-303.541
-303.478
-303.415
-303.352
-303.289
-303.227
-303.164
-303.101
-303.038
-302.975
-302.912
-302.85
-302.787
-302.724
-302.661
-302.598
-302.535
-302.473
-302.41
-302.347
-302.284
-302.221
-302.158
-302.096
-302.033
-301.97
-301.907
-301.844
-301.781
-301.719
-301.656
-301.593
-301.53
-301.467
-301.404
-301.342
-301.279
-301.216
-301.153
-301.09
-301.027
-300.965
-300.902
-300.839
-300.776
-300.713
-300.65
-300.588
-300.525
-300.462
-300.399
-300.336
-300.273
-300.211
-300.148
-300.085
-300.022
-299.959
-299.896
-299.834
-299.771
-299.708
-299.645
-299.582
-299.519
-299.457
-299.394
-299.331
-299.268
-299.205
-299.142
-299.08
-299.017
-298.954
-298.891
-298.828
-298.765
-298.703
-298.64
-298.577
-298.514
-298.451
-298.388
-298.326
-298.263
-298.2
-298.137
-298.074
-298.011
-297.949
-297.886
-297.823
-297.76
-297.697
-297.634
-297.572
-297.509
-297.446
-297.383
-297.32
-297.257
-297.195
-297.132
-297.069
-297.006
-296.943
-296.881
-296.818
-296.755
-296.692
-296.629
-296.566
-296.504
-296.441
-296.378
-296.315
-296.252
-296.189
-296.127
-296.064
-296.001
-295.938
-295.875
-295.812
-295.75
-295.687
-295.624
-295.561
-295.498
-295.435
-295.373
-295.31
-295.247
-295.184
-295.121
-295.058
-294.996
-294.933
-294.87
-294.807
-294.744
-294.681
-294.619
-294.556
-294.493
-294.43
-294.367
-294.304
-294.242
-294.179
-294.116
-294.053
-293.99
-293.927
-293.865
-293.802
-293.739
-293.676
-293.613
-293.55
-293.488
-293.425
-293.362
-293.299
-293.236
-293.173
-293.111
-293.048
-292.985
-292.922
-292.859
-292.796
-292.734
-292.671
-292.608
-292.545
-292.482
-292.419
-292.357
-292.294
-292.231
-292.168
-292.105
-292.042
-291.98
-291.917
-291.854
-291.791
-291.728
-291.665
-291.603
-291.54
-291.477
-291.414
-291.351
-291.288
-291.226
-291.163
-291.1
-291.037
-290.974
-290.911
-290.849
-290.786
-290.723
-290.66
-290.597
-290.534
-290.472
-290.409
-290.346
-290.283
-290.22
-290.157
-290.095
-290.032
-289.969
-289.906
-289.843
-289.781
-289.718
-289.655
-289.592
-289.529
-289.466
-289.404
-289.341
-289.278
-289.215
-289.152
-289.089
-289.027
-288.964
-288.901
-288.838
-288.775
-288.712
-288.65
-288.587
-288.524
-288.461
-288.398
-288.335
-288.273
-288.21
-288.147
-288.084
-288.021
-287.958
-287.896
-287.833
-287.77
-287.707
-287.644
-287.581
-287.519
-287.456
-287.393
-287.33
-287.267
-287.204
-287.142
-287.079
-287.016
-286.953
-286.89
-286.827
-286.765
-286.702
-286.639
-286.576
-286.513
-286.45
-286.388
-286.325
-286.262
-286.199
-286.136
-286.073
-286.011
-285.948
-285.885
-285.822
-285.759
-285.696
-285.634
-285.571
-285.508
-285.445
-285.382
-285.319
-285.257
-285.194
-285.131
-285.068
-285.005
-284.942
-284.88
-284.817
-284.754
-284.691
-284.628
-284.565
-284.503
-284.44
-284.377
-284.314
-284.251
-284.188
-284.126
-284.063
-284
-283.937
-283.874
-283.811
-283.749
-283.686
-283.623
-283.56
-283.497
-283.434
-283.372
-283.309
-283.246
-283.183
-283.12
-283.057
-282.995
-282.932
-282.869
-282.806
-282.743
-282.681
-282.618
-282.555
-282.492
-282.429
-282.366
-282.304
-282.241
-282.178
-282.115
-282.052
-281.989
-281.927
-281.864
-281.801
-281.738
-281.675
-281.612
-281.55
-281.487
-281.424
-281.361
-281.298
-281.235
-281.173
-281.11
-281.047
-280.984
-280.921
-280.858
-280.796
-280.733
-280.67
-280.607
-280.544
-280.481
-280.419
-280.356
-280.293
-280.23
-280.167
-280.104
-280.042
-279.979
-279.916
-279.853
-279.79
-279.727
-279.665
-279.602
-279.539
-279.476
-279.413
-279.35
-279.288
-279.225
-279.162
-279.099
-279.036
-278.973
-278.911
-278.848
-278.785
-278.722
-278.659
-278.596
-278.534
-278.471
-278.408
-278.345
-278.282
-278.219
-278.157
-278.094
-278.031
-277.968
-277.905
-277.842
-277.78
-277.717
-277.654
-277.591
-277.528
-277.465
-277.403
-277.34
-277.277
-277.214
-277.151
-277.088
-277.026
-276.963
-276.9
-276.837
-276.774
-276.711
-276.649
-276.586
-276.523
-276.46
-276.397
-276.334
-276.272
-276.209
-276.146
-276.083
-276.02
-275.957
-275.895
-275.832
-275.769
-275.706
-275.643
-275.581
-275.518
-275.455
-275.392
-275.329
-275.266
-275.204
-275.141
-275.078
-275.015
-274.952
-274.889
-274.827
-274.764
-274.701
-274.638
-274.575
-274.512
-274.45
-274.387
-274.324
-274.261
-274.198
-274.135
-274.073
-274.01
-273.947
-273.884
-273.821
-273.758
-273.696
-273.633
-273.57
-273.507
-273.444
-273.381
-273.319
-273.256
-273.193
-273.13
-273.067
-273.004
-272.942
-272.879
-272.816
-272.753
-272.69
-272.627
-272.565
-272.502
-272.439
-272.376
-272.313
-272.25
-272.188
-272.125
-272.062
-271.999
-271.936
-271.873
-271.811
-271.748
-271.685
-271.622
-271.559
-271.496
-271.434
-271.371
-271.308
-271.245
-271.182
-271.119
-271.057
-270.994
-270.931
-270.868
-270.805
-270.742
-270.68
-270.617
-270.554
-270.491
-270.428
-270.365
-270.303
-270.24
-270.177
-270.114
-270.051
-269.988
-269.926
-269.863
-269.8
-269.737
-269.674
-269.611
-269.549
-269.486
-269.423
-269.36
-269.297
-269.234
-269.172
-269.109
-269.046
-268.983
-268.92
-268.857
-268.795
-268.732
-268.669
-268.606
-268.543
-268.481
-268.418
-268.355
-268.292
-268.229
-268.166
-268.104
-268.041
-267.978
-267.915
-267.852
-267.789
-267.727
-267.664
-267.601
-267.538
-267.475
-267.412
-267.35
-267.287
-267.224
-267.161
-267.098
-267.035
-266.973
-266.91
-266.847
-266.784
-266.721
-266.658
-266.596
-266.533
-266.47
-266.407
-266.344
-266.281
-266.219
-266.156
-266.093
-266.03
-265.967
-265.904
-265.842
-265.779
-265.716
-265.653
-265.59
-265.527
-265.465
-265.402
-265.339
-265.276
-265.213
-265.15
-265.088
-265.025
-264.962
-264.899
-264.836
-264.773
-264.711
-264.648
-264.585
-264.522
-264.459
-264.396
-264.334
-264.271
-264.208
-264.145
-264.082
-264.019
-263.957
-263.894
-263.831
-263.768
-263.705
-263.642
-263.58
-263.517
-263.454
-263.391
-263.328
-263.265
-263.203
-263.14
-263.077
-263.014
-262.951
-262.888
-262.826
-262.763
-262.7
-262.637
-262.574
-262.511
-262.449
-262.386
-262.323
-262.26
-262.197
-262.134
-262.072
-262.009
-261.946
-261.883
-261.82
-261.757
-261.695
-261.632
-261.569
-261.506
-261.443
-261.381
-261.318
-261.255
-261.192
-261.129
-261.066
-261.004
-260.941
-260.878
-260.815
-260.752
-260.689
-260.627
-260.564
-260.501
-260.438
-260.375
-260.312
-260.25
-260.187
-260.124
-260.061
-259.998
-259.935
-259.873
-259.81
-259.747
-259.684
-259.621
-259.558
-259.496
-259.433
-259.37
-259.307
-259.244
-259.181
-259.119
-259.056
-258.993
-258.93
-258.867
-258.804
-258.742
-258.679
-258.616
-258.553
-258.49
-258.427
-258.365
-258.302
-258.239
-258.176
-258.113
-258.05
-257.988
-257.925
-257.862
-257.799
-257.736
-257.673
-257.611
-257.548
-257.485
-257.422
-257.359
-257.296
-257.234
-257.171
-257.108
-257.045
-256.982
-256.919
-256.857
-256.794
-256.731
-256.668
-256.605
-256.542
-256.48
-256.417
-256.354
-256.291
-256.228
-256.165
-256.103
-256.04
-255.977
-255.914
-255.851
-255.788
-255.726
-255.663
-255.6
-255.537
-255.474
-255.411
-255.349
-255.286
-255.223
-255.16
-255.097
-255.034
-254.972
-254.909
-254.846
-254.783
-254.72
-254.658
-254.595
-254.532
-254.469
-254.406
-254.343
-254.281
-254.218
-254.155
-254.092
-254.029
-253.966
-253.904
-253.841
-253.778
-253.715
-253.652
-253.589
-253.527
-253.464
-253.401
-253.338
-253.275
-253.212
-253.15
-253.087
-253.024
-252.961
-252.898
-252.835
-252.773
-252.71
-252.647
-252.584
-252.521
-252.458
-252.396
-252.333
-252.27
-252.207
-252.144
-252.081
-252.019
-251.956
-251.893
-251.83
-251.767
-251.704
-251.642
-251.579
-251.516
-251.453
-251.39
-251.327
-251.265
-251.202
-251.139
-251.076
-251.013
-250.95
-250.888
-250.825
-250.762
-250.699
-250.636
-250.573
-250.511
-250.448
-250.385
-250.322
-250.259
-250.196
-250.134
-250.071
-250.008
-249.945
-249.882
-249.819
-249.757
-249.694
-249.631
-249.568
-249.505
-249.442
-249.38
-249.317
-249.254
-249.191
-249.128
-249.065
-249.003
-248.94
-248.877
-248.814
-248.751
-248.688
-248.626
-248.563
-248.5
-248.437
-248.374
-248.311
-248.249
-248.186
-248.123
-248.06
-247.997
-247.934
-247.872
-247.809
-247.746
-247.683
-247.62
-247.558
-247.495
-247.432
-247.369
-247.306
-247.243
-247.181
-247.118
-247.055
-246.992
-246.929
-246.866
-246.804
-246.741
-246.678
-246.615
-246.552
-246.489
-246.427
-246.364
-246.301
-246.238
-246.175
-246.112
-246.05
-245.987
-245.924
-245.861
-245.798
-245.735
-245.673
-245.61
-245.547
-245.484
-245.421
-245.358
-245.296
-245.233
-245.17
-245.107
-245.044
-244.981
-244.919
-244.856
-244.793
-244.73
-244.667
-244.604
-244.542
-244.479
-244.416
-244.353
-244.29
-244.227
-244.165
-244.102
-244.039
-243.976
-243.913
-243.85
-243.788
-243.725
-243.662
-243.599
-243.536
-243.473
-243.411
-243.348
-243.285
-243.222
-243.159
-243.096
-243.034
-242.971
-242.908
-242.845
-242.782
-242.719
-242.657
-242.594
-242.531
-242.468
-242.405
-242.342
-242.28
-242.217
-242.154
-242.091
-242.028
-241.965
-241.903
-241.84
-241.777
-241.714
-241.651
-241.588
-241.526
-241.463
-241.4
-241.337
-241.274
-241.211
-241.149
-241.086
-241.023
-240.96
-240.897
-240.834
-240.772
-240.709
-240.646
-240.583
-240.52
-240.458
-240.395
-240.332
-240.269
-240.206
-240.143
-240.081
-240.018
-239.955
-239.892
-239.829
-239.766
-239.704
-239.641
-239.578
-239.515
-239.452
-239.389
-239.327
-239.264
-239.201
-239.138
-239.075
-239.012
-238.95
-238.887
-238.824
-238.761
-238.698
-238.635
-238.573
-238.51
-238.447
-238.384
-238.321
-238.258
-238.196
-238.133
-238.07
-238.007
-237.944
-237.881
-237.819
-237.756
-237.693
-237.63
-237.567
-237.504
-237.442
-237.379
-237.316
-237.253
-237.19
-237.127
-237.065
-237.002
-236.939
-236.876
-236.813
-236.75
-236.688
-236.625
-236.562
-236.499
-236.436
-236.373
-236.311
-236.248
-236.185
-236.122
-236.059
-235.996
-235.934
-235.871
-235.808
-235.745
-235.682
-235.619
-235.557
-235.494
-235.431
-235.368
-235.305
-235.242
-235.18
-235.117
-235.054
-234.991
-234.928
-234.865
-234.803
-234.74
-234.677
-234.614
-234.551
-234.488
-234.426
-234.363
-234.3
-234.237
-234.174
-234.111
-234.049
-233.986
-233.923
-233.86
-233.797
-233.734
-233.672
-233.609
-233.546
-233.483
-233.42
-233.358
-233.295
-233.232
-233.169
-233.106
-233.043
-232.981
-232.918
-232.855
-232.792
-232.729
-232.666
-232.604
-232.541
-232.478
-232.415
-232.352
-232.289
-232.227
-232.164
-232.101
-232.038
-231.975
-231.912
-231.85
-231.787
-231.724
-231.661
-231.598
-231.535
-231.473
-231.41
-231.347
-231.284
-231.221
-231.158
-231.096
-231.033
-230.97
-230.907
-230.844
-230.781
-230.719
-230.656
-230.593
-230.53
-230.467
-230.404
-230.342
-230.279
-230.216
-230.153
-230.09
-230.027
-229.965
-229.902
-229.839
-229.776
-229.713
-229.65
-229.588
-229.525
-229.462
-229.399
-229.336
-229.273
-229.211
-229.148
-229.085
-229.022
-228.959
-228.896
-228.834
-228.771
-228.708
-228.645
-228.582
-228.519
-228.457
-228.394
-228.331
-228.268
-228.205
-228.142
-228.08
-228.017
-227.954
-227.891
-227.828
-227.765
-227.703
-227.64
-227.577
-227.514
-227.451
-227.388
-227.326
-227.263
-227.2
-227.137
-227.074
-227.011
-226.949
-226.886
-226.823
-226.76
-226.697
-226.634
-226.572
-226.509
-226.446
-226.383
-226.32
-226.258
-226.195
-226.132
-226.069
-226.006
-225.943
-225.881
-225.818
-225.755
-225.692
-225.629
-225.566
-225.504
-225.441
-225.378
-225.315
-225.252
-225.189
-225.127
-225.064
-225.001
-224.938
-224.875
-224.812
-224.75
-224.687
-224.624
-224.561
-224.498
-224.435
-224.373
-224.31
-224.247
-224.184
-224.121
-224.058
-223.996
-223.933
-223.87
-223.807
-223.744
-223.681
-223.619
-223.556
-223.493
-223.43
-223.367
-223.304
-223.242
-223.179
-223.116
-223.053
-222.99
-222.927
-222.865
-222.802
-222.739
-222.676
-222.613
-222.55
-222.488
-222.425
-222.362
-222.299
-222.236
-222.173
-222.111
-222.048
-221.985
-221.922
-221.859
-221.796
-221.734
-221.671
-221.608
-221.545
-221.482
-221.419
-221.357
-221.294
-221.231
-221.168
-221.105
-221.042
-220.98
-220.917
-220.854
-220.791
-220.728
-220.665
-220.603
-220.54
-220.477
-220.414
-220.351
-220.288
-220.226
-220.163
-220.1
-220.037
-219.974
-219.911
-219.849
-219.786
-219.723
-219.66
-219.597
-219.534
-219.472
-219.409
-219.346
-219.283
-219.22
-219.158
-219.095
-219.032
-218.969
-218.906
-218.843
-218.781
-218.718
-218.655
-218.592
-218.529
-218.466
-218.404
-218.341
-218.278
-218.215
-218.152
-218.089
-218.027
-217.964
-217.901
-217.838
-217.775
-217.712
-217.65
-217.587
-217.524
-217.461
-217.398
-217.335
-217.273
-217.21
-217.147
-217.084
-217.021
-216.958
-216.896
-216.833
-216.77
-216.707
-216.644
-216.581
-216.519
-216.456
-216.393
-216.33
-216.267
-216.204
-216.142
-216.079
-216.016
-215.953
-215.89
-215.827
-215.765
-215.702
-215.639
-215.576
-215.513
-215.45
-215.388
-215.325
-215.262
-215.199
-215.136
-215.073
-215.011
-214.948
-214.885
-214.822
-214.759
-214.696
-214.634
-214.571
-214.508
-214.445
-214.382
-214.319
-214.257
-214.194
-214.131
-214.068
-214.005
-213.942
-213.88
-213.817
-213.754
-213.691
-213.628
-213.565
-213.503
-213.44
-213.377
-213.314
-213.251
-213.188
-213.126
-213.063
-213
-212.937
-212.874
-212.811
-212.749
-212.686
-212.623
-212.56
-212.497
-212.434
-212.372
-212.309
-212.246
-212.183
-212.12
-212.058
-211.995
-211.932
-211.869
-211.806
-211.743
-211.681
-211.618
-211.555
-211.492
-211.429
-211.366
-211.304
-211.241
-211.178
-211.115
-211.052
-210.989
-210.927
-210.864
-210.801
-210.738
-210.675
-210.612
-210.55
-210.487
-210.424
-210.361
-210.298
-210.235
-210.173
-210.11
-210.047
-209.984
-209.921
-209.858
-209.796
-209.733
-209.67
-209.607
-209.544
-209.481
-209.419
-209.356
-209.293
-209.23
-209.167
-209.104
-209.042
-208.979
-208.916
-208.853
-208.79
-208.727
-208.665
-208.602
-208.539
-208.476
-208.413
-208.35
-208.288
-208.225
-208.162
-208.099
-208.036
-207.973
-207.911
-207.848
-207.785
-207.722
-207.659
-207.596
-207.534
-207.471
-207.408
-207.345
-207.282
-207.219
-207.157
-207.094
-207.031
-206.968
-206.905
-206.842
-206.78
-206.717
-206.654
-206.591
-206.528
-206.465
-206.403
-206.34
-206.277
-206.214
-206.151
-206.088
-206.026
-205.963
-205.9
-205.837
-205.774
-205.711
-205.649
-205.586
-205.523
-205.46
-205.397
-205.334
-205.272
-205.209
-205.146
-205.083
-205.02
-204.958
-204.895
-204.832
-204.769
-204.706
-204.643
-204.581
-204.518
-204.455
-204.392
-204.329
-204.266
-204.204
-204.141
-204.078
-204.015
-203.952
-203.889
-203.827
-203.764
-203.701
-203.638
-203.575
-203.512
-203.45
-203.387
-203.324
-203.261
-203.198
-203.135
-203.073
-203.01
-202.947
-202.884
-202.821
-202.758
-202.696
-202.633
-202.57
-202.507
-202.444
-202.381
-202.319
-202.256
-202.193
-202.13
-202.067
-202.004
-201.942
-201.879
-201.816
-201.753
-201.69
-201.627
-201.565
-201.502
-201.439
-201.376
-201.313
-201.25
-201.188
-201.125
-201.062
-200.999
-200.936
-200.873
-200.811
-200.748
-200.685
-200.622
-200.559
-200.496
-200.434
-200.371
-200.308
-200.245
-200.182
-200.119
-200.057
-199.994
-199.931
-199.868
-199.805
-199.742
-199.68
-199.617
-199.554
-199.491
-199.428
-199.365
-199.303
-199.24
-199.177
-199.114
-199.051
-198.988
-198.926
-198.863
-198.8
-198.737
-198.674
-198.611
-198.549
-198.486
-198.423
-198.36
-198.297
-198.234
-198.172
-198.109
-198.046
-197.983
-197.92
-197.858
-197.795
-197.732
-197.669
-197.606
-197.543
-197.481
-197.418
-197.355
-197.292
-197.229
-197.166
-197.104
-197.041
-196.978
-196.915
-196.852
-196.789
-196.727
-196.664
-196.601
-196.538
-196.475
-196.412
-196.35
-196.287
-196.224
-196.161
-196.098
-196.035
-195.973
-195.91
-195.847
-195.784
-195.721
-195.658
-195.596
-195.533
-195.47
-195.407
-195.344
-195.281
-195.219
-195.156
-195.093
-195.03
-194.967
-194.904
-194.842
-194.779
-194.716
-194.653
-194.59
-194.527
-194.465
-194.402
-194.339
-194.276
-194.213
-194.15
-194.088
-194.025
-193.962
-193.899
-193.836
-193.773
-193.711
-193.648
-193.585
-193.522
-193.459
-193.396
-193.334
-193.271
-193.208
-193.145
-193.082
-193.019
-192.957
-192.894
-192.831
-192.768
-192.705
-192.642
-192.58
-192.517
-192.454
-192.391
-192.328
-192.265
-192.203
-192.14
-192.077
-192.014
-191.951
-191.888
-191.826
-191.763
-191.7
-191.637
-191.574
-191.511
-191.449
-191.386
-191.323
-191.26
-191.197
-191.134
-191.072
-191.009
-190.946
-190.883
-190.82
-190.758
-190.695
-190.632
-190.569
-190.506
-190.443
-190.381
-190.318
-190.255
-190.192
-190.129
-190.066
-190.004
-189.941
-189.878
-189.815
-189.752
-189.689
-189.627
-189.564
-189.501
-189.438
-189.375
-189.312
-189.25
-189.187
-189.124
-189.061
-188.998
-188.935
-188.873
-188.81
-188.747
-188.684
-188.621
-188.558
-188.496
-188.433
-188.37
-188.307
-188.244
-188.181
-188.119
-188.056
-187.993
-187.93
-187.867
-187.804
-187.742
-187.679
-187.616
-187.553
-187.49
-187.427
-187.365
-187.302
-187.239
-187.176
-187.113
-187.05
-186.988
-186.925
-186.862
-186.799
-186.736
-186.673
-186.611
-186.548
-186.485
-186.422
-186.359
-186.296
-186.234
-186.171
-186.108
-186.045
-185.982
-185.919
-185.857
-185.794
-185.731
-185.668
-185.605
-185.542
-185.48
-185.417
-185.354
-185.291
-185.228
-185.165
-185.103
-185.04
-184.977
-184.914
-184.851
-184.788
-184.726
-184.663
-184.6
-184.537
-184.474
-184.411
-184.349
-184.286
-184.223
-184.16
-184.097
-184.034
-183.972
-183.909
-183.846
-183.783
-183.72
-183.658
-183.595
-183.532
-183.469
-183.406
-183.343
-183.281
-183.218
-183.155
-183.092
-183.029
-182.966
-182.904
-182.841
-182.778
-182.715
-182.652
-182.589
-182.527
-182.464
-182.401
-182.338
-182.275
-182.212
-182.15
-182.087
-182.024
-181.961
-181.898
-181.835
-181.773
-181.71
-181.647
-181.584
-181.521
-181.458
-181.396
-181.333
-181.27
-181.207
-181.144
-181.081
-181.019
-180.956
-180.893
-180.83
-180.767
-180.704
-180.642
-180.579
-180.516
-180.453
-180.39
-180.327
-180.265
-180.202
-180.139
-180.076
-180.013
-179.95
-179.888
-179.825
-179.762
-179.699
-179.636
-179.573
-179.511
-179.448
-179.385
-179.322
-179.259
-179.196
-179.134
-179.071
-179.008
-178.945
-178.882
-178.819
-178.757
-178.694
-178.631
-178.568
-178.505
-178.442
-178.38
-178.317
-178.254
-178.191
-178.128
-178.065
-178.003
-177.94
-177.877
-177.814
-177.751
-177.688
-177.626
-177.563
-177.5
-177.437
-177.374
-177.311
-177.249
-177.186
-177.123
-177.06
-176.997
-176.934
-176.872
-176.809
-176.746
-176.683
-176.62
-176.558
-176.495
-176.432
-176.369
-176.306
-176.243
-176.181
-176.118
-176.055
-175.992
-175.929
-175.866
-175.804
-175.741
-175.678
-175.615
-175.552
-175.489
-175.427
-175.364
-175.301
-175.238
-175.175
-175.112
-175.05
-174.987
-174.924
-174.861
-174.798
-174.735
-174.673
-174.61
-174.547
-174.484
-174.421
-174.358
-174.296
-174.233
-174.17
-174.107
-174.044
-173.981
-173.919
-173.856
-173.793
-173.73
-173.667
-173.604
-173.542
-173.479
-173.416
-173.353
-173.29
-173.227
-173.165
-173.102
-173.039
-172.976
-172.913
-172.85
-172.788
-172.725
-172.662
-172.599
-172.536
-172.473
-172.411
-172.348
-172.285
-172.222
-172.159
-172.096
-172.034
-171.971
-171.908
-171.845
-171.782
-171.719
-171.657
-171.594
-171.531
-171.468
-171.405
-171.342
-171.28
-171.217
-171.154
-171.091
-171.028
-170.965
-170.903
-170.84
-170.777
-170.714
-170.651
-170.588
-170.526
-170.463
-170.4
-170.337
-170.274
-170.211
-170.149
-170.086
-170.023
-169.96
-169.897
-169.834
-169.772
-169.709
-169.646
-169.583
-169.52
-169.458
-169.395
-169.332
-169.269
-169.206
-169.143
-169.081
-169.018
-168.955
-168.892
-168.829
-168.766
-168.704
-168.641
-168.578
-168.515
-168.452
-168.389
-168.327
-168.264
-168.201
-168.138
-168.075
-168.012
-167.95
-167.887
-167.824
-167.761
-167.698
-167.635
-167.573
-167.51
-167.447
-167.384
-167.321
-167.258
-167.196
-167.133
-167.07
-167.007
-166.944
-166.881
-166.819
-166.756
-166.693
-166.63
-166.567
-166.504
-166.442
-166.379
-166.316
-166.253
-166.19
-166.127
-166.065
-166.002
-165.939
-165.876
-165.813
-165.75
-165.688
-165.625
-165.562
-165.499
-165.436
-165.373
-165.311
-165.248
-165.185
-165.122
-165.059
-164.996
-164.934
-164.871
-164.808
-164.745
-164.682
-164.619
-164.557
-164.494
-164.431
-164.368
-164.305
-164.242
-164.18
-164.117
-164.054
-163.991
-163.928
-163.865
-163.803
-163.74
-163.677
-163.614
-163.551
-163.488
-163.426
-163.363
-163.3
-163.237
-163.174
-163.111
-163.049
-162.986
-162.923
-162.86
-162.797
-162.734
-162.672
-162.609
-162.546
-162.483
-162.42
-162.358
-162.295
-162.232
-162.169
-162.106
-162.043
-161.981
-161.918
-161.855
-161.792
-161.729
-161.666
-161.604
-161.541
-161.478
-161.415
-161.352
-161.289
-161.227
-161.164
-161.101
-161.038
-160.975
-160.912
-160.85
-160.787
-160.724
-160.661
-160.598
-160.535
-160.473
-160.41
-160.347
-160.284
-160.221
-160.158
-160.096
-160.033
-159.97
-159.907
-159.844
-159.781
-159.719
-159.656
-159.593
-159.53
-159.467
-159.404
-159.342
-159.279
-159.216
-159.153
-159.09
-159.027
-158.965
-158.902
-158.839
-158.776
-158.713
-158.65
-158.588
-158.525
-158.462
-158.399
-158.336
-158.273
-158.211
-158.148
-158.085
-158.022
-157.959
-157.896
-157.834
-157.771
-157.708
-157.645
-157.582
-157.519
-157.457
-157.394
-157.331
-157.268
-157.205
-157.142
-157.08
-157.017
-156.954
-156.891
-156.828
-156.765
-156.703
-156.64
-156.577
-156.514
-156.451
-156.388
-156.326
-156.263
-156.2
-156.137
-156.074
-156.011
-155.949
-155.886
-155.823
-155.76
-155.697
-155.635
-155.572
-155.509
-155.446
-155.383
-155.32
-155.258
-155.195
-155.132
-155.069
-155.006
-154.943
-154.881
-154.818
-154.755
-154.692
-154.629
-154.566
-154.504
-154.441
-154.378
-154.315
-154.252
-154.189
-154.127
-154.064
-154.001
-153.938
-153.875
-153.812
-153.75
-153.687
-153.624
-153.561
-153.498
-153.435
-153.373
-153.31
-153.247
-153.184
-153.121
-153.058
-152.996
-152.933
-152.87
-152.807
-152.744
-152.681
-152.619
-152.556
-152.493
-152.43
-152.367
-152.304
-152.242
-152.179
-152.116
-152.053
-151.99
-151.927
-151.865
-151.802
-151.739
-151.676
-151.613
-151.55
-151.488
-151.425
-151.362
-151.299
-151.236
-151.173
-151.111
-151.048
-150.985
-150.922
-150.859
-150.796
-150.734
-150.671
-150.608
-150.545
-150.482
-150.419
-150.357
-150.294
-150.231
-150.168
-150.105
-150.042
-149.98
-149.917
-149.854
-149.791
-149.728
-149.665
-149.603
-149.54
-149.477
-149.414
-149.351
-149.288
-149.226
-149.163
-149.1
-149.037
-148.974
-148.911
-148.849
-148.786
-148.723
-148.66
-148.597
-148.535
-148.472
-148.409
-148.346
-148.283
-148.22
-148.158
-148.095
-148.032
-147.969
-147.906
-147.843
-147.781
-147.718
-147.655
-147.592
-147.529
-147.466
-147.404
-147.341
-147.278
-147.215
-147.152
-147.089
-147.027
-146.964
-146.901
-146.838
-146.775
-146.712
-146.65
-146.587
-146.524
-146.461
-146.398
-146.335
-146.273
-146.21
-146.147
-146.084
-146.021
-145.958
-145.896
-145.833
-145.77
-145.707
-145.644
-145.581
-145.519
-145.456
-145.393
-145.33
-145.267
-145.204
-145.142
-145.079
-145.016
-144.953
-144.89
-144.827
-144.765
-144.702
-144.639
-144.576
-144.513
-144.45
-144.388
-144.325
-144.262
-144.199
-144.136
-144.073
-144.011
-143.948
-143.885
-143.822
-143.759
-143.696
-143.634
-143.571
-143.508
-143.445
-143.382
-143.319
-143.257
-143.194
-143.131
-143.068
-143.005
-142.942
-142.88
-142.817
-142.754
-142.691
-142.628
-142.565
-142.503
-142.44
-142.377
-142.314
-142.251
-142.188
-142.126
-142.063
-142
-141.937
-141.874
-141.811
-141.749
-141.686
-141.623
-141.56
-141.497
-141.435
-141.372
-141.309
-141.246
-141.183
-141.12
-141.058
-140.995
-140.932
-140.869
-140.806
-140.743
-140.681
-140.618
-140.555
-140.492
-140.429
-140.366
-140.304
-140.241
-140.178
-140.115
-140.052
-139.989
-139.927
-139.864
-139.801
-139.738
-139.675
-139.612
-139.55
-139.487
-139.424
-139.361
-139.298
-139.235
-139.173
-139.11
-139.047
-138.984
-138.921
-138.858
-138.796
-138.733
-138.67
-138.607
-138.544
-138.481
-138.419
-138.356
-138.293
-138.23
-138.167
-138.104
-138.042
-137.979
-137.916
-137.853
-137.79
-137.727
-137.665
-137.602
-137.539
-137.476
-137.413
-137.35
-137.288
-137.225
-137.162
-137.099
-137.036
-136.973
-136.911
-136.848
-136.785
-136.722
-136.659
-136.596
-136.534
-136.471
-136.408
-136.345
-136.282
-136.219
-136.157
-136.094
-136.031
-135.968
-135.905
-135.842
-135.78
-135.717
-135.654
-135.591
-135.528
-135.465
-135.403
-135.34
-135.277
-135.214
-135.151
-135.088
-135.026
-134.963
-134.9
-134.837
-134.774
-134.711
-134.649
-134.586
-134.523
-134.46
-134.397
-134.335
-134.272
-134.209
-134.146
-134.083
-134.02
-133.958
-133.895
-133.832
-133.769
-133.706
-133.643
-133.581
-133.518
-133.455
-133.392
-133.329
-133.266
-133.204
-133.141
-133.078
-133.015
-132.952
-132.889
-132.827
-132.764
-132.701
-132.638
-132.575
-132.512
-132.45
-132.387
-132.324
-132.261
-132.198
-132.135
-132.073
-132.01
-131.947
-131.884
-131.821
-131.758
-131.696
-131.633
-131.57
-131.507
-131.444
-131.381
-131.319
-131.256
-131.193
-131.13
-131.067
-131.004
-130.942
-130.879
-130.816
-130.753
-130.69
-130.627
-130.565
-130.502
-130.439
-130.376
-130.313
-130.25
-130.188
-130.125
-130.062
-129.999
-129.936
-129.873
-129.811
-129.748
-129.685
-129.622
-129.559
-129.496
-129.434
-129.371
-129.308
-129.245
-129.182
-129.119
-129.057
-128.994
-128.931
-128.868
-128.805
-128.742
-128.68
-128.617
-128.554
-128.491
-128.428
-128.365
-128.303
-128.24
-128.177
-128.114
-128.051
-127.988
-127.926
-127.863
-127.8
-127.737
-127.674
-127.611
-127.549
-127.486
-127.423
-127.36
-127.297
-127.235
-127.172
-127.109
-127.046
-126.983
-126.92
-126.858
-126.795
-126.732
-126.669
-126.606
-126.543
-126.481
-126.418
-126.355
-126.292
-126.229
-126.166
-126.104
-126.041
-125.978
-125.915
-125.852
-125.789
-125.727
-125.664
-125.601
-125.538
-125.475
-125.412
-125.35
-125.287
-125.224
-125.161
-125.098
-125.035
-124.973
-124.91
-124.847
-124.784
-124.721
-124.658
-124.596
-124.533
-124.47
-124.407
-124.344
-124.281
-124.219
-124.156
-124.093
-124.03
-123.967
-123.904
-123.842
-123.779
-123.716
-123.653
-123.59
-123.527
-123.465
-123.402
-123.339
-123.276
-123.213
-123.15
-123.088
-123.025
-122.962
-122.899
-122.836
-122.773
-122.711
-122.648
-122.585
-122.522
-122.459
-122.396
-122.334
-122.271
-122.208
-122.145
-122.082
-122.019
-121.957
-121.894
-121.831
-121.768
-121.705
-121.642
-121.58
-121.517
-121.454
-121.391
-121.328
-121.265
-121.203
-121.14
-121.077
-121.014
-120.951
-120.888
-120.826
-120.763
-120.7
-120.637
-120.574
-120.511
-120.449
-120.386
-120.323
-120.26
-120.197
-120.135
-120.072
-120.009
-119.946
-119.883
-119.82
-119.758
-119.695
-119.632
-119.569
-119.506
-119.443
-119.381
-119.318
-119.255
-119.192
-119.129
-119.066
-119.004
-118.941
-118.878
-118.815
-118.752
-118.689
-118.627
-118.564
-118.501
-118.438
-118.375
-118.312
-118.25
-118.187
-118.124
-118.061
-117.998
-117.935
-117.873
-117.81
-117.747
-117.684
-117.621
-117.558
-117.496
-117.433
-117.37
-117.307
-117.244
-117.181
-117.119
-117.056
-116.993
-116.93
-116.867
-116.804
-116.742
-116.679
-116.616
-116.553
-116.49
-116.427
-116.365
-116.302
-116.239
-116.176
-116.113
-116.05
-115.988
-115.925
-115.862
-115.799
-115.736
-115.673
-115.611
-115.548
-115.485
-115.422
-115.359
-115.296
-115.234
-115.171
-115.108
-115.045
-114.982
-114.919
-114.857
-114.794
-114.731
-114.668
-114.605
-114.542
-114.48
-114.417
-114.354
-114.291
-114.228
-114.165
-114.103
-114.04
-113.977
-113.914
-113.851
-113.788
-113.726
-113.663
-113.6
-113.537
-113.474
-113.411
-113.349
-113.286
-113.223
-113.16
-113.097
-113.035
-112.972
-112.909
-112.846
-112.783
-112.72
-112.658
-112.595
-112.532
-112.469
-112.406
-112.343
-112.281
-112.218
-112.155
-112.092
-112.029
-111.966
-111.904
-111.841
-111.778
-111.715
-111.652
-111.589
-111.527
-111.464
-111.401
-111.338
-111.275
-111.212
-111.15
-111.087
-111.024
-110.961
-110.898
-110.835
-110.773
-110.71
-110.647
-110.584
-110.521
-110.458
-110.396
-110.333
-110.27
-110.207
-110.144
-110.081
-110.019
-109.956
-109.893
-109.83
-109.767
-109.704
-109.642
-109.579
-109.516
-109.453
-109.39
-109.327
-109.265
-109.202
-109.139
-109.076
-109.013
-108.95
-108.888
-108.825
-108.762
-108.699
-108.636
-108.573
-108.511
-108.448
-108.385
-108.322
-108.259
-108.196
-108.134
-108.071
-108.008
-107.945
-107.882
-107.819
-107.757
-107.694
-107.631
-107.568
-107.505
-107.442
-107.38
-107.317
-107.254
-107.191
-107.128
-107.065
-107.003
-106.94
-106.877
-106.814
-106.751
-106.688
-106.626
-106.563
-106.5
-106.437
-106.374
-106.311
-106.249
-106.186
-106.123
-106.06
-105.997
-105.935
-105.872
-105.809
-105.746
-105.683
-105.62
-105.558
-105.495
-105.432
-105.369
-105.306
-105.243
-105.181
-105.118
-105.055
-104.992
-104.929
-104.866
-104.804
-104.741
-104.678
-104.615
-104.552
-104.489
-104.427
-104.364
-104.301
-104.238
-104.175
-104.112
-104.05
-103.987
-103.924
-103.861
-103.798
-103.735
-103.673
-103.61
-103.547
-103.484
-103.421
-103.358
-103.296
-103.233
-103.17
-103.107
-103.044
-102.981
-102.919
-102.856
-102.793
-102.73
-102.667
-102.604
-102.542
-102.479
-102.416
-102.353
-102.29
-102.227
-102.165
-102.102
-102.039
-101.976
-101.913
-101.85
-101.788
-101.725
-101.662
-101.599
-101.536
-101.473
-101.411
-101.348
-101.285
-101.222
-101.159
-101.096
-101.034
-100.971
-100.908
-100.845
-100.782
-100.719
-100.657
-100.594
-100.531
-100.468
-100.405
-100.342
-100.28
-100.217
-100.154
-100.091
-100.028
-99.9655
-99.9026
-99.8398
-99.777
-99.7142
-99.6513
-99.5885
-99.5257
-99.4628
-99.4
-99.3372
-99.2743
-99.2115
-99.1487
-99.0858
-99.023
-98.9602
-98.8973
-98.8345
-98.7717
-98.7088
-98.646
-98.5832
-98.5203
-98.4575
-98.3947
-98.3319
-98.269
-98.2062
-98.1434
-98.0805
-98.0177
-97.9549
-97.892
-97.8292
-97.7664
-97.7035
-97.6407
-97.5779
-97.515
-97.4522
-97.3894
-97.3265
-97.2637
-97.2009
-97.138
-97.0752
-97.0124
-96.9495
-96.8867
-96.8239
-96.7611
-96.6982
-96.6354
-96.5726
-96.5097
-96.4469
-96.3841
-96.3212
-96.2584
-96.1956
-96.1327
-96.0699
-96.0071
-95.9442
-95.8814
-95.8186
-95.7557
-95.6929
-95.6301
-95.5672
-95.5044
-95.4416
-95.3788
-95.3159
-95.2531
-95.1903
-95.1274
-95.0646
-95.0018
-94.9389
-94.8761
-94.8133
-94.7504
-94.6876
-94.6248
-94.5619
-94.4991
-94.4363
-94.3734
-94.3106
-94.2478
-94.1849
-94.1221
-94.0593
-93.9965
-93.9336
-93.8708
-93.808
-93.7451
-93.6823
-93.6195
-93.5566
-93.4938
-93.431
-93.3681
-93.3053
-93.2425
-93.1796
-93.1168
-93.054
-92.9911
-92.9283
-92.8655
-92.8026
-92.7398
-92.677
-92.6142
-92.5513
-92.4885
-92.4257
-92.3628
-92.3
-92.2372
-92.1743
-92.1115
-92.0487
-91.9858
-91.923
-91.8602
-91.7973
-91.7345
-91.6717
-91.6088
-91.546
-91.4832
-91.4203
-91.3575
-91.2947
-91.2319
-91.169
-91.1062
-91.0434
-90.9805
-90.9177
-90.8549
-90.792
-90.7292
-90.6664
-90.6035
-90.5407
-90.4779
-90.415
-90.3522
-90.2894
-90.2265
-90.1637
-90.1009
-90.038
-89.9752
-89.9124
-89.8495
-89.7867
-89.7239
-89.6611
-89.5982
-89.5354
-89.4726
-89.4097
-89.3469
-89.2841
-89.2212
-89.1584
-89.0956
-89.0327
-88.9699
-88.9071
-88.8442
-88.7814
-88.7186
-88.6557
-88.5929
-88.5301
-88.4672
-88.4044
-88.3416
-88.2788
-88.2159
-88.1531
-88.0903
-88.0274
-87.9646
-87.9018
-87.8389
-87.7761
-87.7133
-87.6504
-87.5876
-87.5248
-87.4619
-87.3991
-87.3363
-87.2734
-87.2106
-87.1478
-87.0849
-87.0221
-86.9593
-86.8965
-86.8336
-86.7708
-86.708
-86.6451
-86.5823
-86.5195
-86.4566
-86.3938
-86.331
-86.2681
-86.2053
-86.1425
-86.0796
-86.0168
-85.954
-85.8911
-85.8283
-85.7655
-85.7026
-85.6398
-85.577
-85.5142
-85.4513
-85.3885
-85.3257
-85.2628
-85.2
-85.1372
-85.0743
-85.0115
-84.9487
-84.8858
-84.823
-84.7602
-84.6973
-84.6345
-84.5717
-84.5088
-84.446
-84.3832
-84.3203
-84.2575
-84.1947
-84.1319
-84.069
-84.0062
-83.9434
-83.8805
-83.8177
-83.7549
-83.692
-83.6292
-83.5664
-83.5035
-83.4407
-83.3779
-83.315
-83.2522
-83.1894
-83.1265
-83.0637
-83.0009
-82.938
-82.8752
-82.8124
-82.7496
-82.6867
-82.6239
-82.5611
-82.4982
-82.4354
-82.3726
-82.3097
-82.2469
-82.1841
-82.1212
-82.0584
-81.9956
-81.9327
-81.8699
-81.8071
-81.7442
-81.6814
-81.6186
-81.5557
-81.4929
-81.4301
-81.3672
-81.3044
-81.2416
-81.1788
-81.1159
-81.0531
-80.9903
-80.9274
-80.8646
-80.8018
-80.7389
-80.6761
-80.6133
-80.5504
-80.4876
-80.4248
-80.3619
-80.2991
-80.2363
-80.1734
-80.1106
-80.0478
-79.9849
-79.9221
-79.8593
-79.7965
-79.7336
-79.6708
-79.608
-79.5451
-79.4823
-79.4195
-79.3566
-79.2938
-79.231
-79.1681
-79.1053
-79.0425
-78.9796
-78.9168
-78.854
-78.7911
-78.7283
-78.6655
-78.6026
-78.5398
-78.477
-78.4142
-78.3513
-78.2885
-78.2257
-78.1628
-78.1
-78.0372
-77.9743
-77.9115
-77.8487
-77.7858
-77.723
-77.6602
-77.5973
-77.5345
-77.4717
-77.4088
-77.346
-77.2832
-77.2203
-77.1575
-77.0947
-77.0319
-76.969
-76.9062
-76.8434
-76.7805
-76.7177
-76.6549
-76.592
-76.5292
-76.4664
-76.4035
-76.3407
-76.2779
-76.215
-76.1522
-76.0894
-76.0265
-75.9637
-75.9009
-75.838
-75.7752
-75.7124
-75.6496
-75.5867
-75.5239
-75.4611
-75.3982
-75.3354
-75.2726
-75.2097
-75.1469
-75.0841
-75.0212
-74.9584
-74.8956
-74.8327
-74.7699
-74.7071
-74.6442
-74.5814
-74.5186
-74.4557
-74.3929
-74.3301
-74.2673
-74.2044
-74.1416
-74.0788
-74.0159
-73.9531
-73.8903
-73.8274
-73.7646
-73.7018
-73.6389
-73.5761
-73.5133
-73.4504
-73.3876
-73.3248
-73.2619
-73.1991
-73.1363
-73.0734
-73.0106
-72.9478
-72.8849
-72.8221
-72.7593
-72.6965
-72.6336
-72.5708
-72.508
-72.4451
-72.3823
-72.3195
-72.2566
-72.1938
-72.131
-72.0681
-72.0053
-71.9425
-71.8796
-71.8168
-71.754
-71.6911
-71.6283
-71.5655
-71.5026
-71.4398
-71.377
-71.3142
-71.2513
-71.1885
-71.1257
-71.0628
-71
-70.9372
-70.8743
-70.8115
-70.7487
-70.6858
-70.623
-70.5602
-70.4973
-70.4345
-70.3717
-70.3088
-70.246
-70.1832
-70.1203
-70.0575
-69.9947
-69.9319
-69.869
-69.8062
-69.7434
-69.6805
-69.6177
-69.5549
-69.492
-69.4292
-69.3664
-69.3035
-69.2407
-69.1779
-69.115
-69.0522
-68.9894
-68.9265
-68.8637
-68.8009
-68.738
-68.6752
-68.6124
-68.5496
-68.4867
-68.4239
-68.3611
-68.2982
-68.2354
-68.1726
-68.1097
-68.0469
-67.9841
-67.9212
-67.8584
-67.7956
-67.7327
-67.6699
-67.6071
-67.5442
-67.4814
-67.4186
-67.3557
-67.2929
-67.2301
-67.1673
-67.1044
-67.0416
-66.9788
-66.9159
-66.8531
-66.7903
-66.7274
-66.6646
-66.6018
-66.5389
-66.4761
-66.4133
-66.3504
-66.2876
-66.2248
-66.1619
-66.0991
-66.0363
-65.9734
-65.9106
-65.8478
-65.785
-65.7221
-65.6593
-65.5965
-65.5336
-65.4708
-65.408
-65.3451
-65.2823
-65.2195
-65.1566
-65.0938
-65.031
-64.9681
-64.9053
-64.8425
-64.7796
-64.7168
-64.654
-64.5911
-64.5283
-64.4655
-64.4026
-64.3398
-64.277
-64.2142
-64.1513
-64.0885
-64.0257
-63.9628
-63.9
-63.8372
-63.7743
-63.7115
-63.6487
-63.5858
-63.523
-63.4602
-63.3973
-63.3345
-63.2717
-63.2088
-63.146
-63.0832
-63.0203
-62.9575
-62.8947
-62.8319
-62.769
-62.7062
-62.6434
-62.5805
-62.5177
-62.4549
-62.392
-62.3292
-62.2664
-62.2035
-62.1407
-62.0779
-62.015
-61.9522
-61.8894
-61.8265
-61.7637
-61.7009
-61.638
-61.5752
-61.5124
-61.4496
-61.3867
-61.3239
-61.2611
-61.1982
-61.1354
-61.0726
-61.0097
-60.9469
-60.8841
-60.8212
-60.7584
-60.6956
-60.6327
-60.5699
-60.5071
-60.4442
-60.3814
-60.3186
-60.2557
-60.1929
-60.1301
-60.0673
-60.0044
-59.9416
-59.8788
-59.8159
-59.7531
-59.6903
-59.6274
-59.5646
-59.5018
-59.4389
-59.3761
-59.3133
-59.2504
-59.1876
-59.1248
-59.0619
-58.9991
-58.9363
-58.8734
-58.8106
-58.7478
-58.685
-58.6221
-58.5593
-58.4965
-58.4336
-58.3708
-58.308
-58.2451
-58.1823
-58.1195
-58.0566
-57.9938
-57.931
-57.8681
-57.8053
-57.7425
-57.6796
-57.6168
-57.554
-57.4911
-57.4283
-57.3655
-57.3027
-57.2398
-57.177
-57.1142
-57.0513
-56.9885
-56.9257
-56.8628
-56.8
-56.7372
-56.6743
-56.6115
-56.5487
-56.4858
-56.423
-56.3602
-56.2973
-56.2345
-56.1717
-56.1088
-56.046
-55.9832
-55.9203
-55.8575
-55.7947
-55.7319
-55.669
-55.6062
-55.5434
-55.4805
-55.4177
-55.3549
-55.292
-55.2292
-55.1664
-55.1035
-55.0407
-54.9779
-54.915
-54.8522
-54.7894
-54.7265
-54.6637
-54.6009
-54.538
-54.4752
-54.4124
-54.3496
-54.2867
-54.2239
-54.1611
-54.0982
-54.0354
-53.9726
-53.9097
-53.8469
-53.7841
-53.7212
-53.6584
-53.5956
-53.5327
-53.4699
-53.4071
-53.3442
-53.2814
-53.2186
-53.1557
-53.0929
-53.0301
-52.9673
-52.9044
-52.8416
-52.7788
-52.7159
-52.6531
-52.5903
-52.5274
-52.4646
-52.4018
-52.3389
-52.2761
-52.2133
-52.1504
-52.0876
-52.0248
-51.9619
-51.8991
-51.8363
-51.7734
-51.7106
-51.6478
-51.585
-51.5221
-51.4593
-51.3965
-51.3336
-51.2708
-51.208
-51.1451
-51.0823
-51.0195
-50.9566
-50.8938
-50.831
-50.7681
-50.7053
-50.6425
-50.5796
-50.5168
-50.454
-50.3911
-50.3283
-50.2655
-50.2027
-50.1398
-50.077
-50.0142
-49.9513
-49.8885
-49.8257
-49.7628
-49.7
-49.6372
-49.5743
-49.5115
-49.4487
-49.3858
-49.323
-49.2602
-49.1973
-49.1345
-49.0717
-49.0088
-48.946
-48.8832
-48.8203
-48.7575
-48.6947
-48.6319
-48.569
-48.5062
-48.4434
-48.3805
-48.3177
-48.2549
-48.192
-48.1292
-48.0664
-48.0035
-47.9407
-47.8779
-47.815
-47.7522
-47.6894
-47.6265
-47.5637
-47.5009
-47.438
-47.3752
-47.3124
-47.2496
-47.1867
-47.1239
-47.0611
-46.9982
-46.9354
-46.8726
-46.8097
-46.7469
-46.6841
-46.6212
-46.5584
-46.4956
-46.4327
-46.3699
-46.3071
-46.2442
-46.1814
-46.1186
-46.0557
-45.9929
-45.9301
-45.8673
-45.8044
-45.7416
-45.6788
-45.6159
-45.5531
-45.4903
-45.4274
-45.3646
-45.3018
-45.2389
-45.1761
-45.1133
-45.0504
-44.9876
-44.9248
-44.8619
-44.7991
-44.7363
-44.6734
-44.6106
-44.5478
-44.485
-44.4221
-44.3593
-44.2965
-44.2336
-44.1708
-44.108
-44.0451
-43.9823
-43.9195
-43.8566
-43.7938
-43.731
-43.6681
-43.6053
-43.5425
-43.4796
-43.4168
-43.354
-43.2911
-43.2283
-43.1655
-43.1027
-43.0398
-42.977
-42.9142
-42.8513
-42.7885
-42.7257
-42.6628
-42.6
-42.5372
-42.4743
-42.4115
-42.3487
-42.2858
-42.223
-42.1602
-42.0973
-42.0345
-41.9717
-41.9088
-41.846
-41.7832
-41.7204
-41.6575
-41.5947
-41.5319
-41.469
-41.4062
-41.3434
-41.2805
-41.2177
-41.1549
-41.092
-41.0292
-40.9664
-40.9035
-40.8407
-40.7779
-40.715
-40.6522
-40.5894
-40.5265
-40.4637
-40.4009
-40.338
-40.2752
-40.2124
-40.1496
-40.0867
-40.0239
-39.9611
-39.8982
-39.8354
-39.7726
-39.7097
-39.6469
-39.5841
-39.5212
-39.4584
-39.3956
-39.3327
-39.2699
-39.2071
-39.1442
-39.0814
-39.0186
-38.9557
-38.8929
-38.8301
-38.7673
-38.7044
-38.6416
-38.5788
-38.5159
-38.4531
-38.3903
-38.3274
-38.2646
-38.2018
-38.1389
-38.0761
-38.0133
-37.9504
-37.8876
-37.8248
-37.7619
-37.6991
-37.6363
-37.5734
-37.5106
-37.4478
-37.385
-37.3221
-37.2593
-37.1965
-37.1336
-37.0708
-37.008
-36.9451
-36.8823
-36.8195
-36.7566
-36.6938
-36.631
-36.5681
-36.5053
-36.4425
-36.3796
-36.3168
-36.254
-36.1911
-36.1283
-36.0655
-36.0027
-35.9398
-35.877
-35.8142
-35.7513
-35.6885
-35.6257
-35.5628
-35.5
-35.4372
-35.3743
-35.3115
-35.2487
-35.1858
-35.123
-35.0602
-34.9973
-34.9345
-34.8717
-34.8088
-34.746
-34.6832
-34.6204
-34.5575
-34.4947
-34.4319
-34.369
-34.3062
-34.2434
-34.1805
-34.1177
-34.0549
-33.992
-33.9292
-33.8664
-33.8035
-33.7407
-33.6779
-33.615
-33.5522
-33.4894
-33.4265
-33.3637
-33.3009
-33.2381
-33.1752
-33.1124
-33.0496
-32.9867
-32.9239
-32.8611
-32.7982
-32.7354
-32.6726
-32.6097
-32.5469
-32.4841
-32.4212
-32.3584
-32.2956
-32.2327
-32.1699
-32.1071
-32.0442
-31.9814
-31.9186
-31.8557
-31.7929
-31.7301
-31.6673
-31.6044
-31.5416
-31.4788
-31.4159
-31.3531
-31.2903
-31.2274
-31.1646
-31.1018
-31.0389
-30.9761
-30.9133
-30.8504
-30.7876
-30.7248
-30.6619
-30.5991
-30.5363
-30.4734
-30.4106
-30.3478
-30.285
-30.2221
-30.1593
-30.0965
-30.0336
-29.9708
-29.908
-29.8451
-29.7823
-29.7195
-29.6566
-29.5938
-29.531
-29.4681
-29.4053
-29.3425
-29.2796
-29.2168
-29.154
-29.0911
-29.0283
-28.9655
-28.9027
-28.8398
-28.777
-28.7142
-28.6513
-28.5885
-28.5257
-28.4628
-28.4
-28.3372
-28.2743
-28.2115
-28.1487
-28.0858
-28.023
-27.9602
-27.8973
-27.8345
-27.7717
-27.7088
-27.646
-27.5832
-27.5204
-27.4575
-27.3947
-27.3319
-27.269
-27.2062
-27.1434
-27.0805
-27.0177
-26.9549
-26.892
-26.8292
-26.7664
-26.7035
-26.6407
-26.5779
-26.515
-26.4522
-26.3894
-26.3265
-26.2637
-26.2009
-26.1381
-26.0752
-26.0124
-25.9496
-25.8867
-25.8239
-25.7611
-25.6982
-25.6354
-25.5726
-25.5097
-25.4469
-25.3841
-25.3212
-25.2584
-25.1956
-25.1327
-25.0699
-25.0071
-24.9442
-24.8814
-24.8186
-24.7558
-24.6929
-24.6301
-24.5673
-24.5044
-24.4416
-24.3788
-24.3159
-24.2531
-24.1903
-24.1274
-24.0646
-24.0018
-23.9389
-23.8761
-23.8133
-23.7504
-23.6876
-23.6248
-23.5619
-23.4991
-23.4363
-23.3734
-23.3106
-23.2478
-23.185
-23.1221
-23.0593
-22.9965
-22.9336
-22.8708
-22.808
-22.7451
-22.6823
-22.6195
-22.5566
-22.4938
-22.431
-22.3681
-22.3053
-22.2425
-22.1796
-22.1168
-22.054
-21.9911
-21.9283
-21.8655
-21.8027
-21.7398
-21.677
-21.6142
-21.5513
-21.4885
-21.4257
-21.3628
-21.3
-21.2372
-21.1743
-21.1115
-21.0487
-20.9858
-20.923
-20.8602
-20.7973
-20.7345
-20.6717
-20.6088
-20.546
-20.4832
-20.4204
-20.3575
-20.2947
-20.2319
-20.169
-20.1062
-20.0434
-19.9805
-19.9177
-19.8549
-19.792
-19.7292
-19.6664
-19.6035
-19.5407
-19.4779
-19.415
-19.3522
-19.2894
-19.2265
-19.1637
-19.1009
-19.0381
-18.9752
-18.9124
-18.8496
-18.7867
-18.7239
-18.6611
-18.5982
-18.5354
-18.4726
-18.4097
-18.3469
-18.2841
-18.2212
-18.1584
-18.0956
-18.0327
-17.9699
-17.9071
-17.8442
-17.7814
-17.7186
-17.6558
-17.5929
-17.5301
-17.4673
-17.4044
-17.3416
-17.2788
-17.2159
-17.1531
-17.0903
-17.0274
-16.9646
-16.9018
-16.8389
-16.7761
-16.7133
-16.6504
-16.5876
-16.5248
-16.4619
-16.3991
-16.3363
-16.2734
-16.2106
-16.1478
-16.085
-16.0221
-15.9593
-15.8965
-15.8336
-15.7708
-15.708
-15.6451
-15.5823
-15.5195
-15.4566
-15.3938
-15.331
-15.2681
-15.2053
-15.1425
-15.0796
-15.0168
-14.954
-14.8911
-14.8283
-14.7655
-14.7027
-14.6398
-14.577
-14.5142
-14.4513
-14.3885
-14.3257
-14.2628
-14.2
-14.1372
-14.0743
-14.0115
-13.9487
-13.8858
-13.823
-13.7602
-13.6973
-13.6345
-13.5717
-13.5088
-13.446
-13.3832
-13.3204
-13.2575
-13.1947
-13.1319
-13.069
-13.0062
-12.9434
-12.8805
-12.8177
-12.7549
-12.692
-12.6292
-12.5664
-12.5035
-12.4407
-12.3779
-12.315
-12.2522
-12.1894
-12.1265
-12.0637
-12.0009
-11.9381
-11.8752
-11.8124
-11.7496
-11.6867
-11.6239
-11.5611
-11.4982
-11.4354
-11.3726
-11.3097
-11.2469
-11.1841
-11.1212
-11.0584
-10.9956
-10.9327
-10.8699
-10.8071
-10.7442
-10.6814
-10.6186
-10.5558
-10.4929
-10.4301
-10.3673
-10.3044
-10.2416
-10.1788
-10.1159
-10.0531
-9.99026
-9.92743
-9.8646
-9.80177
-9.73894
-9.67611
-9.61327
-9.55044
-9.48761
-9.42478
-9.36195
-9.29911
-9.23628
-9.17345
-9.11062
-9.04779
-8.98495
-8.92212
-8.85929
-8.79646
-8.73363
-8.6708
-8.60796
-8.54513
-8.4823
-8.41947
-8.35664
-8.2938
-8.23097
-8.16814
-8.10531
-8.04248
-7.97965
-7.91681
-7.85398
-7.79115
-7.72832
-7.66549
-7.60265
-7.53982
-7.47699
-7.41416
-7.35133
-7.28849
-7.22566
-7.16283
-7.1
-7.03717
-6.97434
-6.9115
-6.84867
-6.78584
-6.72301
-6.66018
-6.59734
-6.53451
-6.47168
-6.40885
-6.34602
-6.28319
-6.22035
-6.15752
-6.09469
-6.03186
-5.96903
-5.90619
-5.84336
-5.78053
-5.7177
-5.65487
-5.59203
-5.5292
-5.46637
-5.40354
-5.34071
-5.27788
-5.21504
-5.15221
-5.08938
-5.02655
-4.96372
-4.90088
-4.83805
-4.77522
-4.71239
-4.64956
-4.58673
-4.52389
-4.46106
-4.39823
-4.3354
-4.27257
-4.20973
-4.1469
-4.08407
-4.02124
-3.95841
-3.89557
-3.83274
-3.76991
-3.70708
-3.64425
-3.58142
-3.51858
-3.45575
-3.39292
-3.33009
-3.26726
-3.20442
-3.14159
-3.07876
-3.01593
-2.9531
-2.89027
-2.82743
-2.7646
-2.70177
-2.63894
-2.57611
-2.51327
-2.45044
-2.38761
-2.32478
-2.26195
-2.19911
-2.13628
-2.07345
-2.01062
-1.94779
-1.88496
-1.82212
-1.75929
-1.69646
-1.63363
-1.5708
-1.50796
-1.44513
-1.3823
-1.31947
-1.25664
-1.19381
-1.13097
-1.06814
-1.00531
-0.942478
-0.879646
-0.816814
-0.753982
-0.69115
-0.628319
-0.565487
-0.502655
-0.439823
-0.376991
-0.314159
-0.251327
-0.188496
-0.125664
-0.0628319